1506310445,s3-eth2,0.00,0.00,0.00,0,0,0.00,0.00,0.00,0,0,0.00,0.00,0,0
1506310445,s1-eth1,0.00,0.00,0.00,0,0,0.00,0.00,0.00,0,0,0.00,0.00,0,0
1506310445,s4-eth1,0.00,0.00,0.00,0,0,0.00,0.00,0.00,0,0,0.00,0.00,0,0
1506310445,s2-eth1,0.00,0.00,0.00,0,0,0.00,0.00,0.00,0,0,0.00,0.00,0,0
1506310445,s3-eth3,0.00,0.00,0.00,0,0,0.00,0.00,0.00,0,0,0.00,0.00,0,0
1506310445,s1-eth2,0.00,0.00,0.00,0,0,0.00,0.00,0.00,0,0,0.00,0.00,0,0
1506310445,s5-eth1,0.00,0.00,0.00,0,0,0.00,0.00,0.00,0,0,0.00,0.00,0,0
1506310445,lo,0.00,0.00,0.00,0,0,0.00,0.00,0.00,0,0,0.00,0.00,0,0
1506310445,s4-eth2,0.00,0.00,0.00,0,0,0.00,0.00,0.00,0,0,0.00,0.00,0,0
1506310445,s2-eth2,0.00,0.00,0.00,0,0,0.00,0.00,0.00,0,0,0.00,0.00,0,0
1506310445,s1-eth3,0.00,0.00,0.00,0,0,0.00,0.00,0.00,0,0,0.00,0.00,0,0
1506310445,eth0,0.00,0.00,0.00,0,0,0.00,0.00,0.00,0,0,0.00,0.00,0,0
1506310445,s5-eth2,0.00,0.00,0.00,0,0,0.00,0.00,0.00,0,0,0.00,0.00,0,0
1506310445,s3-eth1,0.00,0.00,0.00,0,0,0.00,0.00,0.00,0,0,0.00,0.00,0,0
1506310445,s2-eth3,0.00,0.00,0.00,0,0,0.00,0.00,0.00,0,0,0.00,0.00,0,0
1506310445,s4-eth3,0.00,0.00,0.00,0,0,0.00,0.00,0.00,0,0,0.00,0.00,0,0
1506310445,total,0.00,0.00,0.00,0,0,0.00,0.00,0.00,0,0,0.00,0.00,0,0
1506310446,s3-eth2,6881.12,251692.31,258573.44,251944,6888,95.90,87.91,183.82,88,96,0.00,0.00,0,0
1506310446,s1-eth1,1244423.62,27366.63,1271790.25,27394,1245668,832.17,414.59,1246.75,415,833,0.00,0.00,0,0
1506310446,s4-eth1,477112.91,10907.09,488020.00,10918,477590,320.68,160.84,481.52,161,321,0.00,0.00,0,0
1506310446,s2-eth1,1001126.88,21194.81,1022321.69,21216,1002128,673.33,321.68,995.01,322,674,0.00,0.00,0,0
1506310446,s3-eth3,10907.09,477112.91,488020.00,477590,10918,160.84,320.68,481.52,321,161,0.00,0.00,0,0
1506310446,s1-eth2,8107.89,300661.34,308769.25,300962,8116,112.89,106.89,219.78,107,113,0.00,0.00,0,0
1506310446,s5-eth1,219650.36,5774.23,225424.58,5780,219870,147.85,80.92,228.77,81,148,0.00,0.00,0,0
1506310446,lo,28417.58,28417.58,56835.17,28446,28446,211.79,211.79,423.58,212,212,0.00,0.00,0,0
1506310446,s4-eth2,6901.10,253166.84,260067.94,253420,6908,95.90,87.91,183.82,88,96,0.00,0.00,0,0
1506310446,s2-eth2,6877.12,260639.38,267516.50,260900,6884,95.90,91.91,187.81,92,96,0.00,0.00,0,0
1506310446,s1-eth3,21260.74,998101.94,1019362.69,999100,21282,322.68,671.33,994.01,672,323,0.00,0.00,0,0
1506310446,eth0,212.79,41.96,254.75,42,213,1.00,1.00,2.00,1,1,0.00,0.00,0,0
1506310446,s5-eth2,6037.92,214485.03,220522.95,214914,6050,82.83,74.85,157.68,75,83,0.00,0.00,0,0
1506310446,s3-eth1,733814.38,16069.86,749884.25,16102,735282,493.01,241.52,734.53,242,494,0.00,0.00,0,0
1506310446,s2-eth3,16069.86,733814.38,749884.25,735282,16102,241.52,493.01,734.53,494,242,0.00,0.00,0,0
1506310446,s4-eth3,5768.46,219431.14,225199.61,219870,5780,80.84,147.70,228.54,148,81,0.00,0.00,0,0
1506310446,total,3790544.00,3816247.50,7606791.50,3823880,3798125,3966.07,3511.98,7478.04,3519,3974,0.00,0.00,0,0
1506310447,s3-eth2,6463.07,239616.77,246079.84,240096,6476,90.82,83.83,174.65,84,91,0.00,0.00,0,0
1506310447,s1-eth1,1250048.00,31528.94,1281576.88,31592,1252548,828.34,455.09,1283.43,456,830,0.00,0.00,0,0
1506310447,s4-eth1,497686.62,11786.43,509473.06,11810,498682,336.33,173.65,509.98,174,337,0.00,0.00,0,0
1506310447,s2-eth1,1008720.56,24267.46,1032988.06,24316,1010738,675.65,352.30,1027.94,353,677,0.00,0.00,0,0
1506310447,s3-eth3,11786.43,497686.62,509473.06,498682,11810,173.65,336.33,509.98,337,174,0.00,0.00,0,0
1506310447,s1-eth2,8850.30,271455.09,280305.41,271998,8868,119.76,106.79,226.55,107,120,0.00,0.00,0,0
1506310447,s5-eth1,254385.62,6775.23,261160.84,6782,254640,171.83,95.90,267.73,96,172,0.00,0.00,0,0
1506310447,lo,32775.23,32775.23,65550.45,32808,32808,259.74,259.74,519.48,260,260,0.00,0.00,0,0
1506310447,s4-eth2,6445.55,239898.11,246343.66,240138,6452,90.91,84.92,175.82,85,91,0.00,0.00,0,0
1506310447,s2-eth2,9186.81,258551.45,267738.28,258810,9196,120.88,104.90,225.77,105,121,0.00,0.00,0,0
1506310447,s1-eth3,24291.71,1009728.31,1034020.00,1010738,24316,352.65,676.32,1028.97,677,353,0.00,0.00,0,0
1506310447,eth0,580.42,0.00,580.42,0,581,5.00,0.00,5.00,0,5,0.00,0.00,0,0
1506310447,s5-eth2,6979.02,248841.17,255820.19,249090,6986,97.90,88.91,186.81,89,98,0.00,0.00,0,0
1506310447,s3-eth1,743452.56,16779.22,760231.81,16796,744196,501.50,250.75,752.25,251,502,0.00,0.00,0,0
1506310447,s2-eth3,16779.22,743452.56,760231.81,744196,16796,250.75,501.50,752.25,502,251,0.00,0.00,0,0
1506310447,s4-eth3,6775.23,254385.62,261160.84,254640,6782,95.90,171.83,267.73,172,96,0.00,0.00,0,0
1506310447,total,3887987.00,3888603.50,7776590.50,3892492,3891875,4173.83,3744.26,7918.08,3748,4178,0.00,0.00,0,0
1506310448,s3-eth2,13787.21,272389.62,286176.84,272662,13801,181.82,138.86,320.68,139,182,0.00,0.00,0,0
1506310448,s1-eth1,1247104.88,57430.57,1304535.50,57488,1248352,831.17,783.22,1614.39,784,832,0.00,0.00,0,0
1506310448,s4-eth1,484487.53,23126.87,507614.41,23150,484972,325.67,320.68,646.35,321,326,0.00,0.00,0,0
1506310448,s2-eth1,1017206.81,47120.88,1064327.75,47168,1018224,679.32,653.35,1332.67,654,680,0.00,0.00,0,0
1506310448,s3-eth3,23126.87,484487.53,507614.41,484972,23150,320.68,325.67,646.35,326,321,0.00,0.00,0,0
1506310448,s1-eth2,11598.40,203064.94,214663.34,203268,11610,142.86,117.88,260.74,118,143,0.00,0.00,0,0
1506310448,s5-eth1,215018.98,11524.48,226543.47,11536,215234,144.86,157.84,302.70,158,145,0.00,0.00,0,0
1506310448,lo,19005.00,19005.00,38009.99,19024,19024,136.86,136.86,273.73,137,137,0.00,0.00,0,0
1506310448,s4-eth2,12759.24,262613.41,275372.62,262876,12772,173.83,121.88,295.70,122,174,0.00,0.00,0,0
1506310448,s2-eth2,13022.98,262179.81,275202.81,262442,13036,179.82,136.86,316.68,137,180,0.00,0.00,0,0
1506310448,s1-eth3,47054.95,1017206.81,1064261.75,1018224,47102,652.35,679.32,1331.67,680,653,0.00,0.00,0,0
1506310448,eth0,367.63,83.92,451.55,84,368,4.00,2.00,5.99,2,4,0.00,0.00,0,0
1506310448,s5-eth2,11674.00,212918.00,224592.00,212918,11674,159.00,111.00,270.00,111,159,0.00,0.00,0,0
1506310448,s3-eth1,760640.00,35356.00,795996.00,35356,760640,508.00,486.00,994.00,486,508,0.00,0.00,0,0
1506310448,s2-eth3,35356.00,760640.00,795996.00,760640,35356,486.00,508.00,994.00,508,486,0.00,0.00,0,0
1506310448,s4-eth3,11536.00,215234.00,226770.00,215234,11536,158.00,145.00,303.00,145,158,0.00,0.00,0,0
1506310448,total,3926851.00,3887042.00,7813893.00,3887042,3926851,5088.00,4828.00,9916.00,4828,5088,0.00,0.00,0,0
1506310449,s3-eth2,7998.00,274403.59,282401.59,274678,8006,112.89,102.90,215.78,103,113,0.00,0.00,0,0
1506310449,s1-eth1,1245297.75,34045.95,1279343.75,34080,1246543,836.16,515.48,1351.65,516,837,0.00,0.00,0,0
1506310449,s4-eth1,526751.25,13993.01,540744.25,14007,527278,349.65,205.79,555.44,206,350,0.00,0.00,0,0
1506310449,s2-eth1,1100389.62,26972.03,1127361.62,26999,1101490,730.27,406.59,1136.86,407,731,0.00,0.00,0,0
1506310449,s3-eth3,13993.01,526751.25,540744.25,527278,14007,205.79,349.65,555.44,350,206,0.00,0.00,0,0
1506310449,s1-eth2,8290.71,190763.23,199053.95,190954,8299,114.89,84.92,199.80,85,115,0.00,0.00,0,0
1506310449,s5-eth1,260392.61,7446.55,267839.16,7454,260653,173.83,104.90,278.72,105,174,0.00,0.00,0,0
1506310449,lo,13930.07,13930.07,27860.14,13944,13944,79.92,79.92,159.84,80,80,0.00,0.00,0,0
1506310449,s4-eth2,7913.09,260899.11,268812.19,261160,7921,109.89,95.90,205.79,96,110,0.00,0.00,0,0
1506310449,s2-eth2,7211.79,285712.28,292924.09,285998,7219,98.90,98.90,197.80,99,99,0.00,0.00,0,0
1506310449,s1-eth3,26972.03,1100389.62,1127361.62,1101490,26999,406.59,730.27,1136.86,731,407,0.00,0.00,0,0
1506310449,eth0,0.00,41.96,41.96,42,0,0.00,1.00,1.00,1,0,0.00,0.00,0,0
1506310449,s5-eth2,7715.29,255112.89,262828.19,255368,7723,106.89,95.90,202.80,96,107,0.00,0.00,0,0
1506310449,s3-eth1,805251.75,20977.02,826228.81,20998,806057,534.47,313.69,848.15,314,535,0.00,0.00,0,0
1506310449,s2-eth3,20977.02,806764.25,827741.25,807571,20998,313.69,535.46,849.15,536,314,0.00,0.00,0,0
1506310449,s4-eth3,7446.55,260392.61,267839.16,260653,7454,104.90,173.83,278.72,174,105,0.00,0.00,0,0
1506310449,total,4060530.50,4078595.50,8139126.00,4082674,4064591,4278.72,3895.11,8173.83,3899,4283,0.00,0.00,0,0
1506310450,s3-eth2,7744.26,306425.59,314169.84,306732,7752,111.89,105.89,217.78,106,112,0.00,0.00,0,0
1506310450,s1-eth1,1239002.00,34538.92,1273541.00,34608,1241480,818.36,497.01,1315.37,498,820,0.00,0.00,0,0
1506310450,s4-eth1,514139.75,14820.36,528960.12,14850,515168,343.31,212.57,555.89,213,344,0.00,0.00,0,0
1506310450,s2-eth1,1055477.12,29161.68,1084638.75,29220,1057588,704.59,423.15,1127.74,424,706,0.00,0.00,0,0
1506310450,s3-eth3,14835.17,514653.38,529488.50,515168,14850,212.79,343.66,556.44,344,213,0.00,0.00,0,0
1506310450,s1-eth2,6605.40,156503.50,163108.89,156660,6612,85.91,69.93,155.84,70,86,0.00,0.00,0,0
1506310450,s5-eth1,305726.28,7474.53,313200.81,7482,306032,203.80,108.89,312.69,109,204,0.00,0.00,0,0
1506310450,lo,15180.82,15180.82,30361.64,15196,15196,102.90,102.90,205.79,103,103,0.00,0.00,0,0
1506310450,s4-eth2,8583.42,205558.45,214141.86,205764,8592,115.88,89.91,205.79,90,116,0.00,0.00,0,0
1506310450,s2-eth2,9056.94,223510.50,232567.44,223734,9066,122.88,98.90,221.78,99,123,0.00,0.00,0,0
1506310450,s1-eth3,29161.68,1056988.00,1086149.75,1059102,29220,423.15,705.59,1128.74,707,424,0.00,0.00,0,0
1506310450,eth0,367.27,0.00,367.27,0,368,3.99,0.00,3.99,0,4,0.00,0.00,0,0
1506310450,s5-eth2,7670.66,298696.62,306367.28,299294,7686,110.78,102.79,213.57,103,111,0.00,0.00,0,0
1506310450,s3-eth1,827115.81,21335.33,848451.12,21378,828770,551.90,312.38,864.27,313,553,0.00,0.00,0,0
1506310450,s2-eth3,21335.33,825604.81,846940.12,827256,21378,312.38,550.90,863.27,552,313,0.00,0.00,0,0
1506310450,s4-eth3,7467.07,305421.16,312888.22,306032,7482,108.78,203.59,312.38,204,109,0.00,0.00,0,0
1506310450,total,4069102.00,4014447.25,8083549.00,4022476,4077240,4332.34,3927.15,8259.48,3935,4341,0.00,0.00,0,0
1506310451,s3-eth2,6784.43,304608.78,311393.22,305218,6798,102.79,104.79,207.58,105,103,0.00,0.00,0,0
1506310451,s1-eth1,1247574.88,27203.59,1274778.50,27258,1250070,833.33,412.18,1245.51,413,835,0.00,0.00,0,0
1506310451,s4-eth1,512221.56,11197.61,523419.19,11220,513246,338.32,169.66,507.98,170,339,0.00,0.00,0,0
1506310451,s2-eth1,1066750.50,23185.63,1089936.12,23232,1068884,704.59,351.30,1055.89,352,706,0.00,0.00,0,0
1506310451,s3-eth3,11197.61,512221.56,523419.19,513246,11220,169.66,338.32,507.98,339,170,0.00,0.00,0,0
1506310451,s1-eth2,4017.96,183343.31,187361.28,183710,4026,60.88,62.87,123.75,63,61,0.00,0.00,0,0
1506310451,s5-eth1,284063.88,6323.35,290387.22,6336,284632,187.62,95.81,283.43,96,188,0.00,0.00,0,0
1506310451,lo,0.00,0.00,0.00,0,0,0.00,0.00,0.00,0,0,0.00,0.00,0,0
1506310451,s4-eth2,4874.25,226239.53,231113.78,226692,4884,73.85,77.84,151.70,78,74,0.00,0.00,0,0
1506310451,s2-eth2,5203.59,236618.77,241822.36,237092,5214,78.84,81.84,160.68,82,79,0.00,0.00,0,0
1506310451,s1-eth3,23185.63,1065239.50,1088425.12,1067370,23232,351.30,703.59,1054.89,705,352,0.00,0.00,0,0
1506310451,eth0,0.00,0.00,0.00,0,0,0.00,0.00,0.00,0,0,0.00,0.00,0,0
1506310451,s5-eth2,6323.35,278069.88,284393.22,278626,6336,95.81,96.81,192.61,97,96,0.00,0.00,0,0
1506310451,s3-eth1,824994.06,17982.04,842976.06,18018,826644,544.91,272.46,817.37,273,546,0.00,0.00,0,0
1506310451,s2-eth3,17982.04,824994.06,842976.06,826644,18018,272.46,544.91,817.37,546,273,0.00,0.00,0,0
1506310451,s4-eth3,6323.35,284063.88,290387.22,284632,6336,95.81,187.62,283.43,188,96,0.00,0.00,0,0
1506310451,total,4021497.00,4001291.50,8022788.50,4009294,4029540,3910.18,3500.00,7410.18,3507,3918,0.00,0.00,0,0
1506310452,s3-eth2,6659.34,297618.38,304277.72,297916,6666,100.90,103.90,204.80,104,101,0.00,0.00,0,0
1506310452,s1-eth1,1250827.25,27428.57,1278255.75,27456,1252078,826.17,415.58,1241.76,416,827,0.00,0.00,0,0
1506310452,s4-eth1,509708.31,11212.79,520921.09,11224,510218,336.66,169.83,506.49,170,337,0.00,0.00,0,0
1506310452,s2-eth1,1061766.25,23142.86,1084909.12,23166,1062828,701.30,350.65,1051.95,351,702,0.00,0.00,0,0
1506310452,s3-eth3,11201.60,509199.62,520401.22,510218,11224,169.66,336.33,505.99,337,170,0.00,0.00,0,0
1506310452,s1-eth2,4215.57,190766.47,194982.05,191148,4224,63.87,65.87,129.74,66,64,0.00,0.00,0,0
1506310452,s5-eth1,274998.00,6059.88,281057.91,6072,275548,181.64,91.82,273.45,92,182,0.00,0.00,0,0
1506310452,lo,616.77,616.77,1233.53,618,618,4.99,4.99,9.98,5,5,0.00,0.00,0,0
1506310452,s4-eth2,5071.86,226239.53,231311.39,226692,5082,76.85,77.84,154.69,78,77,0.00,0.00,0,0
1506310452,s2-eth2,5335.33,241019.97,246355.30,241502,5346,80.84,82.83,163.67,83,81,0.00,0.00,0,0
1506310452,s1-eth3,23119.76,1062217.62,1085337.38,1064342,23166,350.30,701.60,1051.90,703,351,0.00,0.00,0,0
1506310452,eth0,0.00,0.00,0.00,0,0,0.00,0.00,0.00,0,0,0.00,0.00,0,0
1506310452,s5-eth2,6059.88,269201.59,275261.50,269740,6072,91.82,93.81,185.63,94,92,0.00,0.00,0,0
1506310452,s3-eth1,812976.06,17784.43,830760.50,17820,814602,537.92,269.46,807.39,270,539,0.00,0.00,0,0
1506310452,s2-eth3,17784.43,812976.06,830760.50,814602,17820,269.46,537.92,807.39,539,270,0.00,0.00,0,0
1506310452,s4-eth3,6059.88,274998.00,281057.91,275548,6072,91.82,181.64,273.45,182,92,0.00,0.00,0,0
1506310452,total,3993577.00,3970123.75,7963701.00,3978064,4001564,3882.24,3483.03,7365.27,3490,3890,0.00,0.00,0,0
1506310453,s3-eth2,6928.14,307564.88,314493.03,308180,6942,104.79,105.79,210.58,106,105,0.00,0.00,0,0
1506310453,s1-eth1,1245255.50,27207.59,1272463.12,27262,1247746,825.35,412.18,1237.52,413,827,0.00,0.00,0,0
1506310453,s4-eth1,507758.50,11139.72,518898.22,11162,508774,336.33,168.66,504.99,169,337,0.00,0.00,0,0
1506310453,s2-eth1,1059405.25,23123.75,1082529.00,23170,1061524,702.59,350.30,1052.89,351,704,0.00,0.00,0,0
1506310453,s3-eth3,11139.72,507758.50,518898.22,508774,11162,168.66,336.33,504.99,337,169,0.00,0.00,0,0
1506310453,s1-eth2,4499.00,187810.39,192309.39,188186,4508,67.86,64.87,132.73,65,68,0.00,0.00,0,0
1506310453,s5-eth1,282622.75,6405.19,289027.94,6418,283188,187.62,96.81,284.43,97,188,0.00,0.00,0,0
1506310453,lo,6467.07,6467.07,12934.13,6480,6480,57.88,57.88,115.77,58,58,0.00,0.00,0,0
1506310453,s4-eth2,5153.69,220393.22,225546.91,220834,5164,77.84,76.85,154.69,77,78,0.00,0.00,0,0
1506310453,s2-eth2,5479.04,236688.62,242167.67,237162,5490,82.83,82.83,165.67,83,83,0.00,0.00,0,0
1506310453,s1-eth3,23123.75,1057894.25,1081018.00,1060010,23170,350.30,701.60,1051.90,703,351,0.00,0.00,0,0
1506310453,eth0,0.00,0.00,0.00,0,0,0.00,0.00,0.00,0,0,0.00,0.00,0,0
1506310453,s5-eth2,6405.19,279584.84,285990.03,280144,6418,96.81,97.80,194.61,98,97,0.00,0.00,0,0
1506310453,s3-eth1,819020.00,17924.15,836944.12,17960,820658,541.92,271.46,813.37,272,543,0.00,0.00,0,0
1506310453,s2-eth3,17924.15,819020.00,836944.12,820658,17960,271.46,541.92,813.37,543,272,0.00,0.00,0,0
1506310453,s4-eth3,6405.19,285644.72,292049.91,286216,6418,96.81,189.62,286.43,190,97,0.00,0.00,0,0
1506310453,total,4007587.00,3994626.75,8002214.00,4002616,4015602,3969.06,3554.89,7523.95,3562,3977,0.00,0.00,0,0
1506310454,s3-eth2,9696.30,292817.19,302513.50,293110,9706,134.87,118.88,253.75,119,135,0.00,0.00,0,0
1506310454,s1-eth1,1247872.12,33028.97,1280901.12,33062,1249120,825.17,470.53,1295.70,471,826,0.00,0.00,0,0
1506310454,s4-eth1,521878.12,12399.60,534277.75,12412,522400,345.65,183.82,529.47,184,346,0.00,0.00,0,0
1506310454,s2-eth1,1048293.75,28925.08,1077218.75,28954,1049342,694.31,408.59,1102.90,409,695,0.00,0.00,0,0
1506310454,s3-eth3,12399.60,523390.62,535790.25,523914,12412,183.82,346.65,530.47,347,184,0.00,0.00,0,0
1506310454,s1-eth2,4227.77,187998.00,192225.78,188186,4232,63.94,64.94,128.87,65,64,0.00,0.00,0,0
1506310454,s5-eth1,291910.09,7184.82,299094.91,7192,292202,192.81,105.89,298.70,106,193,0.00,0.00,0,0
1506310454,lo,5298.70,5298.70,10597.40,5304,5304,45.95,45.95,91.91,46,46,0.00,0.00,0,0
1506310454,s4-eth2,5494.51,229692.31,235186.81,229922,5500,81.92,82.92,164.84,83,82,0.00,0.00,0,0
1506310454,s2-eth2,7508.49,219958.05,227466.55,220178,7516,99.90,88.91,188.81,89,100,0.00,0.00,0,0
1506310454,s1-eth3,28982.04,1047247.56,1076229.62,1049342,29040,409.18,693.61,1102.79,695,410,0.00,0.00,0,0
1506310454,eth0,0.00,83.83,83.83,84,0,0.00,2.00,2.00,2,0,0.00,0.00,0,0
1506310454,s5-eth2,7177.65,282734.53,289912.19,283300,7192,105.79,101.80,207.58,102,106,0.00,0.00,0,0
1506310454,s3-eth1,823622.75,21744.51,845367.31,21788,825270,545.91,313.37,859.28,314,547,0.00,0.00,0,0
1506310454,s2-eth3,21830.34,825133.75,846964.12,826784,21874,314.37,546.91,861.28,548,315,0.00,0.00,0,0
1506310454,s4-eth3,7177.65,288596.81,295774.47,289174,7192,105.79,190.62,296.41,191,106,0.00,0.00,0,0
1506310454,total,4040221.75,4004696.75,8044918.50,4012706,4048302,4146.71,3763.47,7910.18,3771,4155,0.00,0.00,0,0
1506310455,s3-eth2,8455.54,300115.91,308571.44,300416,8464,121.88,119.88,241.76,120,122,0.00,0.00,0,0
1506310455,s1-eth1,1249664.38,35808.19,1285472.50,35844,1250914,830.17,509.49,1339.66,510,831,0.00,0.00,0,0
1506310455,s4-eth1,515828.19,16283.72,532111.88,16300,516344,341.66,227.77,569.43,228,342,0.00,0.00,0,0
1506310455,s2-eth1,1028631.38,30953.05,1059584.50,30984,1029660,681.32,435.56,1116.88,436,682,0.00,0.00,0,0
1506310455,s3-eth3,16283.72,514315.69,530599.44,514830,16300,227.77,340.66,568.43,341,228,0.00,0.00,0,0
1506310455,s1-eth2,5150.85,232453.55,237604.41,232686,5156,77.92,80.92,158.84,81,78,0.00,0.00,0,0
1506310455,s5-eth1,308617.41,9288.71,317906.09,9298,308926,204.80,132.87,337.66,133,205,0.00,0.00,0,0
1506310455,lo,3376.62,3376.62,6753.25,3380,3380,29.97,29.97,59.94,30,30,0.00,0.00,0,0
1506310455,s4-eth2,7134.87,199310.69,206445.56,199510,7142,96.90,82.92,179.82,83,97,0.00,0.00,0,0
1506310455,s2-eth2,6513.49,206807.20,213320.69,207014,6520,89.91,86.91,176.82,87,90,0.00,0.00,0,0
1506310455,s1-eth3,30867.13,1028631.38,1059498.50,1029660,30898,434.57,681.32,1115.88,682,435,0.00,0.00,0,0
1506310455,eth0,0.00,41.96,41.96,42,0,0.00,1.00,1.00,1,0,0.00,0.00,0,0
1506310455,s5-eth2,9358.64,303140.88,312499.50,303444,9368,133.87,121.88,255.74,122,134,0.00,0.00,0,0
1506310455,s3-eth1,817630.00,24604.00,842234.00,24604,817630,541.00,348.00,889.00,348,541,0.00,0.00,0,0
1506310455,s2-eth3,24518.00,819144.00,843662.00,819144,24518,347.00,542.00,889.00,542,347,0.00,0.00,0,0
1506310455,s4-eth3,9298.00,308926.00,318224.00,308926,9298,133.00,205.00,338.00,205,133,0.00,0.00,0,0
1506310455,total,4044518.00,4036082.00,8080600.00,4036082,4044518,4295.00,3949.00,8244.00,3949,4295,0.00,0.00,0,0
1506310456,s3-eth2,6734.27,300507.50,307241.78,300808,6741,99.90,103.90,203.80,104,100,0.00,0.00,0,0
1506310456,s1-eth1,1241822.25,31546.46,1273368.62,31578,1243064,821.18,456.54,1277.72,457,822,0.00,0.00,0,0
1506310456,s4-eth1,494653.38,11970.03,506623.38,11982,495148,327.67,176.82,504.50,177,328,0.00,0.00,0,0
1506310456,s2-eth1,1017974.06,24741.26,1042715.31,24766,1018992,673.33,362.64,1035.96,363,674,0.00,0.00,0,0
1506310456,s3-eth3,11970.03,494653.38,506623.38,495148,11982,176.82,327.67,504.50,328,177,0.00,0.00,0,0
1506310456,s1-eth2,6875.12,230149.86,237024.98,230380,6882,94.91,89.91,184.82,90,95,0.00,0.00,0,0
1506310456,s5-eth1,285860.16,6197.80,292057.94,6204,286146,188.81,93.91,282.72,94,189,0.00,0.00,0,0
1506310456,lo,1012.99,1012.99,2025.97,1014,1014,8.99,8.99,17.98,9,9,0.00,0.00,0,0
1506310456,s4-eth2,5842.16,204899.11,210741.27,205104,5848,83.92,79.92,163.84,80,84,0.00,0.00,0,0
1506310456,s2-eth2,6313.69,212329.67,218643.36,212542,6320,87.91,82.92,170.83,83,88,0.00,0.00,0,0
1506310456,s1-eth3,24741.26,1017974.06,1042715.31,1018992,24766,362.64,673.33,1035.96,674,363,0.00,0.00,0,0
1506310456,eth0,0.00,0.00,0.00,0,0,0.00,0.00,0.00,0,0,0.00,0.00,0,0
1506310456,s5-eth2,6197.80,279794.22,285992.03,280074,6204,93.91,96.90,190.81,97,94,0.00,0.00,0,0
1506310456,s3-eth1,800175.88,18431.57,818607.44,18450,800976,529.47,274.73,804.20,275,530,0.00,0.00,0,0
1506310456,s2-eth3,18431.57,797150.88,815582.44,797948,18450,274.73,527.47,802.20,528,275,0.00,0.00,0,0
1506310456,s4-eth3,6197.80,285860.16,292057.94,286146,6204,93.91,188.81,282.72,189,94,0.00,0.00,0,0
1506310456,total,3934802.25,3917219.00,7852021.00,3921136,3938737,3918.08,3544.46,7462.54,3548,3922,0.00,0.00,0,0
1506310457,s3-eth2,10605.39,284269.75,294875.12,284554,10616,141.86,120.88,262.74,121,142,0.00,0.00,0,0
1506310457,s1-eth1,1241253.75,36555.45,1277809.25,36592,1242495,824.18,521.48,1345.65,522,825,0.00,0.00,0,0
1506310457,s4-eth1,596325.69,14778.22,611103.94,14793,596922,395.60,214.79,610.39,215,396,0.00,0.00,0,0
1506310457,s2-eth1,1033840.19,30352.65,1064192.88,30383,1034874,686.31,434.57,1120.88,435,687,0.00,0.00,0,0
1506310457,s3-eth3,14829.34,595730.56,610559.88,596922,14859,215.57,395.21,610.78,396,216,0.00,0.00,0,0
1506310457,s1-eth2,7412.18,165676.66,173088.83,166008,7427,92.81,79.84,172.65,80,93,0.00,0.00,0,0
1506310457,s5-eth1,391937.06,9316.68,401253.75,9326,392329,259.74,132.87,392.61,133,260,0.00,0.00,0,0
1506310457,lo,12055.89,12055.89,24111.78,12080,12080,59.88,59.88,119.76,60,60,0.00,0.00,0,0
1506310457,s4-eth2,6671.66,200161.69,206833.34,200562,6685,87.82,76.85,164.67,77,88,0.00,0.00,0,0
1506310457,s2-eth2,7258.48,143538.92,150797.41,143826,7273,89.82,72.85,162.67,73,90,0.00,0.00,0,0
1506310457,s1-eth3,30322.36,1034319.38,1064641.75,1036388,30383,434.13,686.63,1120.76,688,435,0.00,0.00,0,0
1506310457,eth0,0.00,0.00,0.00,0,0,0.00,0.00,0.00,0,0,0.00,0.00,0,0
1506310457,s5-eth2,9509.98,382978.06,392488.03,383744,9529,133.73,131.74,265.47,132,134,0.00,0.00,0,0
1506310457,s3-eth1,889062.88,24345.31,913408.19,24394,890841,589.82,351.30,941.12,352,591,0.00,0.00,0,0
1506310457,s2-eth3,24345.31,889062.88,913408.19,890841,24394,351.30,589.82,941.12,591,352,0.00,0.00,0,0
1506310457,s4-eth3,9307.39,391545.91,400853.31,392329,9326,132.73,259.48,392.22,260,133,0.00,0.00,0,0
1506310457,total,4281470.00,4214313.50,8495784.00,4222742,4290033,4493.01,4126.75,8619.76,4135,4502,0.00,0.00,0,0
1506310458,s3-eth2,7323.35,313674.66,320998.00,314302,7338,110.78,110.78,221.56,111,111,0.00,0.00,0,0
1506310458,s1-eth1,1231447.12,27413.17,1258860.38,27468,1233910,813.37,415.17,1228.54,416,815,0.00,0.00,0,0
1506310458,s4-eth1,602880.25,13107.79,615988.06,13134,604086,398.20,198.60,596.81,199,399,0.00,0.00,0,0
1506310458,s2-eth1,1071283.50,23592.81,1094876.25,23640,1073426,707.58,357.29,1064.87,358,709,0.00,0.00,0,0
1506310458,s3-eth3,13041.92,602880.25,615922.19,604086,13068,197.60,398.20,595.81,399,198,0.00,0.00,0,0
1506310458,s1-eth2,3754.49,171518.97,175273.45,171862,3762,56.89,58.88,115.77,59,57,0.00,0.00,0,0
1506310458,s5-eth1,383788.44,8299.40,392087.84,8316,384556,253.49,125.75,379.24,126,254,0.00,0.00,0,0
1506310458,lo,0.00,0.00,0.00,0,0,0.00,0.00,0.00,0,0,0.00,0.00,0,0
1506310458,s4-eth2,4808.38,217371.27,222179.64,217806,4818,72.85,74.85,147.70,75,73,0.00,0.00,0,0
1506310458,s2-eth2,3227.54,147870.27,151097.81,148166,3234,48.90,50.90,99.80,51,49,0.00,0.00,0,0
1506310458,s1-eth3,23658.68,1071283.50,1094942.12,1073426,23706,358.28,707.58,1065.87,709,359,0.00,0.00,0,0
1506310458,eth0,0.00,0.00,0.00,0,0,0.00,0.00,0.00,0,0,0.00,0.00,0,0
1506310458,s5-eth2,8299.40,375620.78,383920.16,376372,8316,125.75,129.74,255.49,130,126,0.00,0.00,0,0
1506310458,s3-eth1,923207.62,20365.27,943572.88,20406,925054,609.78,308.38,918.16,309,611,0.00,0.00,0,0
1506310458,s2-eth3,20365.27,923207.62,943572.88,925054,20406,308.38,609.78,918.16,611,309,0.00,0.00,0,0
1506310458,s4-eth3,8299.40,383788.44,392087.84,384556,8316,125.75,253.49,379.24,254,126,0.00,0.00,0,0
1506310458,total,4305385.50,4299994.00,8605379.00,4308594,4313996,4187.62,3799.40,7987.03,3807,4196,0.00,0.00,0,0
1506310459,s3-eth2,6461.54,288671.34,295132.88,288960,6468,97.90,99.90,197.80,100,98,0.00,0.00,0,0
1506310459,s1-eth1,1249314.75,27296.70,1276611.38,27324,1250564,825.17,413.59,1238.76,414,826,0.00,0.00,0,0
1506310459,s4-eth1,608020.00,13318.68,621338.69,13332,608628,401.60,201.80,603.40,202,402,0.00,0.00,0,0
1506310459,s2-eth1,1061766.25,23274.73,1085041.00,23298,1062828,701.30,352.65,1053.95,353,702,0.00,0.00,0,0
1506310459,s3-eth3,13318.68,608020.00,621338.69,608628,13332,201.80,401.60,603.40,402,202,0.00,0.00,0,0
1506310459,s1-eth2,4087.91,185038.97,189126.88,185224,4092,61.94,63.94,125.87,64,62,0.00,0.00,0,0
1506310459,s5-eth1,387196.81,8439.56,395636.38,8448,387584,255.74,127.87,383.62,128,256,0.00,0.00,0,0
1506310459,lo,0.00,0.00,0.00,0,0,0.00,0.00,0.00,0,0,0.00,0.00,0,0
1506310459,s4-eth2,4879.12,216141.86,221020.98,216358,4884,73.93,74.93,148.85,75,74,0.00,0.00,0,0
1506310459,s2-eth2,3428.57,153936.06,157364.64,154090,3432,51.95,52.95,104.90,53,52,0.00,0.00,0,0
1506310459,s1-eth3,23232.00,1061314.00,1084546.00,1061314,23232,352.00,701.00,1053.00,701,352,0.00,0.00,0,0
1506310459,eth0,65.00,75.00,140.00,75,65,1.00,1.00,2.00,1,1,0.00,0.00,0,0
1506310459,s5-eth2,8448.00,382296.00,390744.00,382296,8448,128.00,132.00,260.00,132,128,0.00,0.00,0,0
1506310459,s3-eth1,903858.00,19800.00,923658.00,19800,903858,597.00,300.00,897.00,300,597,0.00,0.00,0,0
1506310459,s2-eth3,19800.00,903858.00,923658.00,903858,19800,300.00,597.00,897.00,597,300,0.00,0.00,0,0
1506310459,s4-eth3,8448.00,387584.00,396032.00,387584,8448,128.00,256.00,384.00,256,128,0.00,0.00,0,0
1506310459,total,4305663.00,4280589.00,8586252.00,4280589,4305663,4180.00,3778.00,7958.00,3778,4180,0.00,0.00,0,0
1506310460,s3-eth2,6996.00,315618.00,322614.00,315618,6996,106.00,109.00,215.00,109,106,0.00,0.00,0,0
1506310460,s1-eth1,1247536.00,27192.00,1274728.00,27192,1247536,824.00,412.00,1236.00,412,824,0.00,0.00,0,0
1506310460,s4-eth1,605600.00,13002.00,618602.00,13002,605600,400.00,197.00,597.00,197,400,0.00,0.00,0,0
1506310460,s2-eth1,1087052.00,23364.00,1110416.00,23364,1087052,718.00,354.00,1072.00,354,718,0.00,0.00,0,0
1506310460,s3-eth3,13002.00,605600.00,618602.00,605600,13002,197.00,400.00,597.00,400,197,0.00,0.00,0,0
1506310460,s1-eth2,3828.00,174824.00,178652.00,174824,3828,58.00,60.00,118.00,60,58,0.00,0.00,0,0
1506310460,s5-eth1,373958.00,7986.00,381944.00,7986,373958,247.00,121.00,368.00,121,247,0.00,0.00,0,0
1506310460,lo,0.00,0.00,0.00,0,0,0.00,0.00,0.00,0,0,0.00,0.00,0,0
1506310460,s4-eth2,5016.00,226692.00,231708.00,226692,5016,76.00,78.00,154.00,78,76,0.00,0.00,0,0
1506310460,s2-eth2,3366.00,155604.00,158970.00,155604,3366,51.00,54.00,105.00,54,51,0.00,0.00,0,0
1506310460,s1-eth3,23364.00,1087052.00,1110416.00,1087052,23364,354.00,718.00,1072.00,718,354,0.00,0.00,0,0
1506310460,eth0,0.00,0.00,0.00,0,0,0.00,0.00,0.00,0,0,0.00,0.00,0,0
1506310460,s5-eth2,7986.00,363010.00,370996.00,363010,7986,121.00,125.00,246.00,125,121,0.00,0.00,0,0
1506310460,s3-eth1,928082.00,20064.00,948146.00,20064,928082,613.00,304.00,917.00,304,613,0.00,0.00,0,0
1506310460,s2-eth3,20064.00,928082.00,948146.00,928082,20064,304.00,613.00,917.00,613,304,0.00,0.00,0,0
1506310460,s4-eth3,7986.00,373958.00,381944.00,373958,7986,121.00,247.00,368.00,247,121,0.00,0.00,0,0
1506310460,total,4333836.00,4322048.00,8655884.00,4322048,4333836,4190.00,3792.00,7982.00,3792,4190,0.00,0.00,0,0
1506310461,s3-eth2,6336.00,287446.00,293782.00,287446,6336,96.00,99.00,195.00,99,96,0.00,0.00,0,0
1506310461,s1-eth1,1236938.00,27126.00,1264064.00,27126,1236938,817.00,411.00,1228.00,411,817,0.00,0.00,0,0
1506310461,s4-eth1,616198.00,13134.00,629332.00,13134,616198,407.00,199.00,606.00,199,407,0.00,0.00,0,0
1506310461,s2-eth1,1072353.62,22879.12,1095232.75,22902,1073426,708.29,346.65,1054.95,347,709,0.00,0.00,0,0
1506310461,s3-eth3,13120.88,615582.44,628703.31,616198,13134,198.80,406.59,605.39,407,199,0.00,0.00,0,0
1506310461,s1-eth2,4153.85,187998.00,192151.86,188186,4158,62.94,64.94,127.87,65,63,0.00,0.00,0,0
1506310461,s5-eth1,399296.72,8439.56,407736.28,8448,399696,263.74,127.87,391.61,128,264,0.00,0.00,0,0
1506310461,lo,0.00,0.00,0.00,0,0,0.00,0.00,0.00,0,0,0.00,0.00,0,0
1506310461,s4-eth2,4681.32,214695.31,219376.62,214910,4686,70.93,74.93,145.85,75,71,0.00,0.00,0,0
1506310461,s2-eth2,3494.51,159854.16,163348.66,160014,3498,52.95,54.95,107.89,55,53,0.00,0.00,0,0
1506310461,s1-eth3,22945.05,1072353.62,1095298.75,1073426,22968,347.65,708.29,1055.94,709,348,0.00,0.00,0,0
1506310461,eth0,0.00,0.00,0.00,0,0,0.00,0.00,0.00,0,0,0.00,0.00,0,0
1506310461,s5-eth2,8439.56,390791.22,399230.78,391182,8448,127.87,134.87,262.74,135,128,0.00,0.00,0,0
1506310461,s3-eth1,909005.00,19384.62,928389.62,19404,909914,600.40,293.71,894.11,294,601,0.00,0.00,0,0
1506310461,s2-eth3,19384.62,909005.00,928389.62,909914,19404,293.71,600.40,894.11,601,294,0.00,0.00,0,0
1506310461,s4-eth3,8439.56,399296.72,407736.28,399696,8448,127.87,263.74,391.61,264,128,0.00,0.00,0,0
1506310461,total,4322929.00,4327658.50,8650588.00,4331986,4327252,4173.83,3785.21,7959.04,3789,4178,0.00,0.00,0,0
1506310462,s3-eth2,8431.14,275970.06,284401.22,276522,8448,119.76,108.78,228.54,109,120,0.00,0.00,0,0
1506310462,s1-eth1,1242024.00,41177.64,1283201.62,41260,1244508,820.36,546.91,1367.27,548,822,0.00,0.00,0,0
1506310462,s4-eth1,643676.69,21127.74,664804.44,21170,644964,425.15,282.44,707.58,283,426,0.00,0.00,0,0
1506310462,s2-eth1,1077327.38,35572.86,1112900.25,35644,1079482,711.58,477.05,1188.62,478,713,0.00,0.00,0,0
1506310462,s3-eth3,21127.74,643676.69,664804.44,644964,21170,282.44,425.15,707.58,426,283,0.00,0.00,0,0
1506310462,s1-eth2,5592.81,137626.75,143219.56,137902,5604,69.86,70.86,140.72,71,70,0.00,0.00,0,0
1506310462,s5-eth1,404942.12,14373.25,419315.38,14402,405752,267.47,186.63,454.09,187,268,0.00,0.00,0,0
1506310462,lo,858.28,858.28,1716.57,860,860,14.97,14.97,29.94,15,15,0.00,0.00,0,0
1506310462,s4-eth2,6754.49,228540.92,235295.42,228998,6768,95.81,90.82,186.63,91,96,0.00,0.00,0,0
1506310462,s2-eth2,5936.13,147610.78,153546.91,147906,5948,73.85,68.86,142.71,69,74,0.00,0.00,0,0
1506310462,s1-eth3,35584.83,1077327.38,1112912.25,1079482,35656,477.05,711.58,1188.62,713,478,0.00,0.00,0,0
1506310462,eth0,0.00,0.00,0.00,0,0,0.00,0.00,0.00,0,0,0.00,0.00,0,0
1506310462,s5-eth2,14373.25,400129.75,414503.00,400930,14402,186.63,172.65,359.28,173,187,0.00,0.00,0,0
1506310462,s3-eth1,926229.56,29636.73,955866.31,29696,928082,611.78,403.19,1014.97,404,613,0.00,0.00,0,0
1506310462,s2-eth3,29636.73,926229.56,955866.31,928082,29696,403.19,611.78,1014.97,613,404,0.00,0.00,0,0
1506310462,s4-eth3,14373.25,404942.12,419315.38,405752,14402,186.63,267.47,454.09,268,187,0.00,0.00,0,0
1506310462,total,4436868.50,4384800.50,8821669.00,4393570,4445742,4746.51,4439.12,9185.63,4448,4756,0.00,0.00,0,0
1506310463,s3-eth2,7035.93,284377.25,291413.19,284946,7050,104.79,104.79,209.58,105,105,0.00,0.00,0,0
1506310463,s1-eth1,1239002.00,32518.96,1271521.00,32584,1241480,818.36,485.03,1303.39,486,820,0.00,0.00,0,0
1506310463,s4-eth1,681451.12,17321.36,698772.50,17356,682814,450.10,259.48,709.58,260,451,0.00,0.00,0,0
1506310463,s2-eth1,1140788.50,28662.68,1169451.12,28720,1143070,753.49,429.14,1182.63,430,755,0.00,0.00,0,0
1506310463,s3-eth3,17338.66,682131.88,699470.56,682814,17356,259.74,450.55,710.29,451,260,0.00,0.00,0,0
1506310463,s1-eth2,3872.13,127898.10,131770.23,128026,3876,55.94,52.95,108.89,53,56,0.00,0.00,0,0
1506310463,s5-eth1,425009.00,10943.06,435952.06,10954,425434,280.72,164.84,445.55,165,281,0.00,0.00,0,0
1506310463,lo,0.00,0.00,0.00,0,0,0.00,0.00,0.00,0,0,0.00,0.00,0,0
1506310463,s4-eth2,6395.60,252111.89,258507.50,252364,6402,94.91,93.91,188.81,94,95,0.00,0.00,0,0
1506310463,s2-eth2,4321.68,176491.52,180813.19,176668,4326,64.94,65.93,130.87,66,65,0.00,0.00,0,0
1506310463,s1-eth3,28613.39,1141928.12,1170541.50,1143070,28642,428.57,754.25,1182.82,755,429,0.00,0.00,0,0
1506310463,eth0,0.00,0.00,0.00,0,0,0.00,0.00,0.00,0,0,0.00,0.00,0,0
1506310463,s5-eth2,10888.00,418698.00,429586.00,418698,10888,164.00,157.00,321.00,157,164,0.00,0.00,0,0
1506310463,s3-eth1,971988.00,24394.00,996382.00,24394,971988,642.00,365.00,1007.00,365,642,0.00,0.00,0,0
1506310463,s2-eth3,24394.00,971988.00,996382.00,971988,24394,365.00,642.00,1007.00,642,365,0.00,0.00,0,0
1506310463,s4-eth3,10954.00,428462.00,439416.00,428462,10954,165.00,283.00,448.00,283,165,0.00,0.00,0,0
1506310463,total,4578674.00,4601044.00,9179718.00,4601044,4578674,4653.00,4312.00,8965.00,4312,4653,0.00,0.00,0,0
1506310464,s3-eth2,6204.00,288960.00,295164.00,288960,6204,94.00,100.00,194.00,100,94,0.00,0.00,0,0
1506310464,s1-eth1,1250564.00,29292.00,1279856.00,29292,1250564,826.00,436.00,1262.00,436,826,0.00,0.00,0,0
1506310464,s4-eth1,690384.00,15696.00,706080.00,15696,690384,456.00,234.00,690.00,234,456,0.00,0.00,0,0
1506310464,s2-eth1,1165780.00,26784.00,1192564.00,26784,1165780,770.00,398.00,1168.00,398,770,0.00,0.00,0,0
1506310464,s3-eth3,15696.00,690384.00,706080.00,690384,15696,234.00,456.00,690.00,456,234,0.00,0.00,0,0
1506310464,s1-eth2,2508.00,109726.00,112234.00,109726,2508,38.00,39.00,77.00,39,38,0.00,0.00,0,0
1506310464,s5-eth1,443602.00,9306.00,452908.00,9306,443602,293.00,141.00,434.00,141,293,0.00,0.00,0,0
1506310464,lo,0.00,0.00,0.00,0,0,0.00,0.00,0.00,0,0,0.00,0.00,0,0
1506310464,s4-eth2,6390.00,243544.00,249934.00,243544,6390,93.00,92.00,185.00,92,93,0.00,0.00,0,0
1506310464,s2-eth2,4794.00,172324.00,177118.00,172324,4794,69.00,66.00,135.00,66,69,0.00,0.00,0,0
1506310464,s1-eth3,26784.00,1165780.00,1192564.00,1165780,26784,398.00,770.00,1168.00,770,398,0.00,0.00,0,0
1506310464,eth0,0.00,0.00,0.00,0,0,0.00,0.00,0.00,0,0,0.00,0.00,0,0
1506310464,s5-eth2,9372.00,431202.00,440574.00,431202,9372,142.00,149.00,291.00,149,142,0.00,0.00,0,0
1506310464,s3-eth1,984100.00,21990.00,1006090.00,21990,984100,650.00,329.00,979.00,329,650,0.00,0.00,0,0
1506310464,s2-eth3,21990.00,984100.00,1006090.00,984100,21990,329.00,650.00,979.00,650,329,0.00,0.00,0,0
1506310464,s4-eth3,9306.00,440574.00,449880.00,440574,9306,141.00,291.00,432.00,291,141,0.00,0.00,0,0
1506310464,total,4637474.00,4629662.00,9267136.00,4629662,4637474,4533.00,4151.00,8684.00,4151,4533,0.00,0.00,0,0
1506310465,s3-eth2,7260.00,328914.00,336174.00,328914,7260,110.00,113.00,223.00,113,110,0.00,0.00,0,0
1506310465,s1-eth1,1250564.00,32550.00,1283114.00,32550,1250564,826.00,475.00,1301.00,475,826,0.00,0.00,0,0
1506310465,s4-eth1,690384.00,17064.00,707448.00,17064,690384,456.00,254.00,710.00,254,456,0.00,0.00,0,0
1506310465,s2-eth1,1129444.00,29220.00,1158664.00,29220,1129444,746.00,430.00,1176.00,430,746,0.00,0.00,0,0
1506310465,s3-eth3,17046.95,689694.31,706741.25,690384,17064,253.75,455.54,709.29,456,254,0.00,0.00,0,0
1506310465,s1-eth2,3392.61,94033.97,97426.58,94128,3396,45.95,43.96,89.91,44,46,0.00,0.00,0,0
1506310465,s5-eth1,496095.91,10945.06,507040.97,10956,496592,327.67,165.83,493.51,166,328,0.00,0.00,0,0
1506310465,lo,0.00,0.00,0.00,0,0,0.00,0.00,0.00,0,0,0.00,0.00,0,0
1506310465,s4-eth2,6035.96,191814.19,197850.16,192006,6042,86.91,78.92,165.83,79,87,0.00,0.00,0,0
1506310465,s2-eth2,4981.02,105082.92,110063.94,105188,4986,66.93,57.94,124.88,58,67,0.00,0.00,0,0
1506310465,s1-eth3,29190.81,1128315.75,1157506.50,1129444,29220,429.57,745.25,1174.83,746,430,0.00,0.00,0,0
1506310465,eth0,0.00,0.00,0.00,0,0,0.00,0.00,0.00,0,0,0.00,0.00,0,0
1506310465,s5-eth2,10813.19,485480.53,496293.72,485966,10824,163.84,166.83,330.67,167,164,0.00,0.00,0,0
1506310465,s3-eth1,1020929.12,24143.86,1045072.94,24168,1021950,674.33,361.64,1035.96,362,675,0.00,0.00,0,0
1506310465,s2-eth3,24143.86,1020929.12,1045072.94,1021950,24168,361.64,674.33,1035.96,675,362,0.00,0.00,0,0
1506310465,s4-eth3,10945.06,496095.91,507040.97,496592,10956,165.83,327.67,493.51,328,166,0.00,0.00,0,0
1506310465,total,4698152.00,4653876.50,9352028.00,4658530,4702850,4712.29,4348.65,9060.94,4353,4717,0.00,0.00,0,0
1506310466,s3-eth2,7120.88,319774.25,326895.12,320094,7128,107.89,110.89,218.78,111,108,0.00,0.00,0,0
1506310466,s1-eth1,1246289.75,27230.77,1273520.50,27258,1247536,823.18,412.59,1235.76,413,824,0.00,0.00,0,0
1506310466,s4-eth1,715406.62,15164.84,730571.44,15180,716122,472.53,229.77,702.30,230,473,0.00,0.00,0,0
1506310466,s2-eth1,1154028.00,24659.34,1178687.38,24684,1155182,762.24,373.63,1135.86,374,763,0.00,0.00,0,0
1506310466,s3-eth3,15180.00,716122.00,731302.00,716122,15180,230.00,473.00,703.00,473,230,0.00,0.00,0,0
1506310466,s1-eth2,2574.00,119994.00,122568.00,119994,2574,39.00,41.00,80.00,41,39,0.00,0.00,0,0
1506310466,s5-eth1,489022.00,10362.00,499384.00,10362,489022,323.00,157.00,480.00,157,323,0.00,0.00,0,0
1506310466,lo,0.00,0.00,0.00,0,0,0.00,0.00,0.00,0,0,0.00,0.00,0,0
1506310466,s4-eth2,4884.00,220768.00,225652.00,220768,4884,74.00,76.00,150.00,76,74,0.00,0.00,0,0
1506310466,s2-eth2,2310.00,106764.00,109074.00,106764,2310,35.00,38.00,73.00,38,35,0.00,0.00,0,0
1506310466,s1-eth3,24684.00,1155182.00,1179866.00,1155182,24684,374.00,763.00,1137.00,763,374,0.00,0.00,0,0
1506310466,eth0,0.00,624.00,624.00,624,0,0.00,8.00,8.00,8,0,0.00,0.00,0,0
1506310466,s5-eth2,10494.00,478594.00,489088.00,478594,10494,159.00,165.00,324.00,165,159,0.00,0.00,0,0
1506310466,s3-eth1,1047688.00,22374.00,1070062.00,22374,1047688,692.00,339.00,1031.00,339,692,0.00,0.00,0,0
1506310466,s2-eth3,22374.00,1047688.00,1070062.00,1047688,22374,339.00,692.00,1031.00,692,339,0.00,0.00,0,0
1506310466,s4-eth3,10362.00,489022.00,499384.00,489022,10362,157.00,323.00,480.00,323,157,0.00,0.00,0,0
1506310466,total,4755540.00,4754710.00,9510250.00,4754710,4755540,4590.00,4203.00,8793.00,4203,4590,0.00,0.00,0,0
1506310467,s3-eth2,7132.00,318650.00,325782.00,318650,7132,108.00,111.00,219.00,111,108,0.00,0.00,0,0
1506310467,s1-eth1,1252218.00,27258.00,1279476.00,27258,1252218,829.00,413.00,1242.00,413,829,0.00,0.00,0,0
1506310467,s4-eth1,696510.00,15250.00,711760.00,15250,696510,461.00,231.00,692.00,231,461,0.00,0.00,0,0
1506310467,s2-eth1,1135640.00,24618.00,1160258.00,24618,1135640,752.00,373.00,1125.00,373,752,0.00,0.00,0,0
1506310467,s3-eth3,15250.00,696510.00,711760.00,696510,15250,231.00,461.00,692.00,461,231,0.00,0.00,0,0
1506310467,s1-eth2,2780.00,117164.00,119944.00,117164,2780,42.00,42.00,84.00,42,42,0.00,0.00,0,0
1506310467,s5-eth1,470924.00,10432.00,481356.00,10432,470924,312.00,158.00,470.00,158,312,0.00,0.00,0,0
1506310467,lo,3380.00,3380.00,6760.00,3380,3380,30.00,30.00,60.00,30,30,0.00,0.00,0,0
1506310467,s4-eth2,4958.00,219254.00,224212.00,219254,4958,75.00,75.00,150.00,75,75,0.00,0.00,0,0
1506310467,s2-eth2,2582.00,111108.00,113690.00,111108,2582,39.00,38.00,77.00,38,39,0.00,0.00,0,0
1506310467,s1-eth3,24618.00,1135640.00,1160258.00,1135640,24618,373.00,752.00,1125.00,752,373,0.00,0.00,0,0
1506310467,eth0,0.00,0.00,0.00,0,0,0.00,0.00,0.00,0,0,0.00,0.00,0,0
1506310467,s5-eth2,10432.00,463854.00,474286.00,463854,10432,158.00,161.00,319.00,161,158,0.00,0.00,0,0
1506310467,s3-eth1,1022090.00,22242.00,1044332.00,22242,1022090,677.00,337.00,1014.00,337,677,0.00,0.00,0,0
1506310467,s2-eth3,22242.00,1022090.00,1044332.00,1022090,22242,337.00,677.00,1014.00,677,337,0.00,0.00,0,0
1506310467,s4-eth3,10432.00,470924.00,481356.00,470924,10432,158.00,312.00,470.00,312,158,0.00,0.00,0,0
1506310467,total,4681188.00,4658374.00,9339562.00,4658374,4681188,4582.00,4171.00,8753.00,4171,4582,0.00,0.00,0,0
1506310468,s3-eth2,7206.00,318646.00,325852.00,318646,7206,109.00,111.00,220.00,111,109,0.00,0.00,0,0
1506310468,s1-eth1,1224896.00,26932.00,1251828.00,26932,1224896,810.00,408.00,1218.00,408,810,0.00,0.00,0,0
1506310468,s4-eth1,676758.00,14998.00,691756.00,14998,676758,447.00,227.00,674.00,227,447,0.00,0.00,0,0
1506310468,s2-eth1,1125042.00,24428.00,1149470.00,24428,1125042,745.00,370.00,1115.00,370,745,0.00,0.00,0,0
1506310468,s3-eth3,14998.00,676758.00,691756.00,676758,14998,227.00,447.00,674.00,447,227,0.00,0.00,0,0
1506310468,s1-eth2,2784.00,114202.00,116986.00,114202,2784,42.00,41.00,83.00,41,42,0.00,0.00,0,0
1506310468,s5-eth1,464798.00,10382.00,475180.00,10382,464798,307.00,157.00,464.00,157,307,0.00,0.00,0,0
1506310468,lo,6370.00,6370.00,12740.00,6370,6370,56.00,56.00,112.00,56,56,0.00,0.00,0,0
1506310468,s4-eth2,4966.00,207472.00,212438.00,207472,4966,75.00,72.00,147.00,72,75,0.00,0.00,0,0
1506310468,s2-eth2,2784.00,117168.00,119952.00,117168,2784,42.00,42.00,84.00,42,42,0.00,0.00,0,0
1506310468,s1-eth3,24428.00,1125042.00,1149470.00,1125042,24428,370.00,745.00,1115.00,745,370,0.00,0.00,0,0
1506310468,eth0,0.00,0.00,0.00,0,0,0.00,0.00,0.00,0,0,0.00,0.00,0,0
1506310468,s5-eth2,10382.00,454898.00,465280.00,454898,10382,157.00,157.00,314.00,157,157,0.00,0.00,0,0
1506310468,s3-eth1,1003852.00,21924.00,1025776.00,21924,1003852,664.00,332.00,996.00,332,664,0.00,0.00,0,0
1506310468,s2-eth3,21924.00,1003852.00,1025776.00,1003852,21924,332.00,664.00,996.00,664,332,0.00,0.00,0,0
1506310468,s4-eth3,10382.00,467826.00,478208.00,467826,10382,157.00,309.00,466.00,309,157,0.00,0.00,0,0
1506310468,total,4601570.00,4590898.00,9192468.00,4590898,4601570,4540.00,4138.00,8678.00,4138,4540,0.00,0.00,0,0
1506310469,s3-eth2,10361.64,300577.44,310939.06,300878,10372,145.85,126.87,272.73,127,146,0.00,0.00,0,0
1506310469,s1-eth1,1234259.75,37770.23,1272030.00,37808,1235494,816.18,533.47,1349.65,534,817,0.00,0.00,0,0
1506310469,s4-eth1,686669.38,19670.33,706339.69,19690,687356,453.55,282.72,736.26,283,454,0.00,0.00,0,0
1506310469,s2-eth1,1092016.00,33954.05,1125970.00,33988,1093108,721.28,481.52,1202.80,482,722,0.00,0.00,0,0
1506310469,s3-eth3,19670.33,686669.38,706339.69,687356,19690,282.72,453.55,736.26,454,283,0.00,0.00,0,0
1506310469,s1-eth2,3820.18,99688.31,103508.49,99788,3824,51.95,41.96,93.91,42,52,0.00,0.00,0,0
1506310469,s5-eth1,421984.03,14000.00,435984.03,14014,422406,278.72,196.80,475.52,197,279,0.00,0.00,0,0
1506310469,lo,1012.99,1012.99,2025.97,1014,1014,8.99,8.99,17.98,9,9,0.00,0.00,0,0
1506310469,s4-eth2,5740.26,260527.48,266267.75,260788,5746,86.91,89.91,176.82,90,87,0.00,0.00,0,0
1506310469,s2-eth2,4127.87,103174.83,107302.70,103278,4132,55.94,50.95,106.89,51,56,0.00,0.00,0,0
1506310469,s1-eth3,34019.98,1092016.00,1126036.00,1093108,34054,482.52,721.28,1203.80,722,483,0.00,0.00,0,0
1506310469,eth0,0.00,0.00,0.00,0,0,0.00,0.00,0.00,0,0,0.00,0.00,0,0
1506310469,s5-eth2,14000.00,412035.97,426035.97,412448,14014,196.80,171.83,368.63,172,197,0.00,0.00,0,0
1506310469,s3-eth1,992191.81,29896.11,1022087.94,29926,993184,655.34,426.57,1081.92,427,656,0.00,0.00,0,0
1506310469,s2-eth3,29896.11,992191.81,1022087.94,993184,29926,426.57,655.34,1081.92,656,427,0.00,0.00,0,0
1506310469,s4-eth3,14000.00,418959.06,432959.06,419378,14014,196.80,276.72,473.53,277,197,0.00,0.00,0,0
1506310469,total,4563770.50,4502144.00,9065914.00,4506646,4568334,4860.14,4518.48,9378.62,4523,4865,0.00,0.00,0,0
1506310470,s3-eth2,6986.03,320900.22,327886.25,321542,7000,105.79,110.78,216.57,111,106,0.00,0.00,0,0
1506310470,s1-eth1,1248067.88,27269.46,1275337.38,27324,1250564,824.35,413.17,1237.52,414,826,0.00,0.00,0,0
1506310470,s4-eth1,725269.50,15149.70,740419.19,15180,726720,479.04,229.54,708.58,230,480,0.00,0.00,0,0
1506310470,s2-eth1,1184606.88,24766.47,1209373.25,24816,1186976,782.44,375.25,1157.68,376,784,0.00,0.00,0,0
1506310470,s3-eth3,15149.70,725269.50,740419.19,726720,15180,229.54,479.04,708.58,480,230,0.00,0.00,0,0
1506310470,s1-eth2,2502.99,118309.38,120812.38,118546,2508,37.92,40.92,78.84,41,38,0.00,0.00,0,0
1506310470,s5-eth1,445738.53,9419.16,455157.69,9438,446630,294.41,142.71,437.13,143,295,0.00,0.00,0,0
1506310470,lo,0.00,0.00,0.00,0,0,0.00,0.00,0.00,0,0,0.00,0.00,0,0
1506310470,s4-eth2,5730.54,272091.81,277822.38,272636,5742,86.83,93.81,180.64,94,87,0.00,0.00,0,0
1506310470,s2-eth2,2770.46,122776.45,125546.91,123022,2776,41.92,42.91,84.83,43,42,0.00,0.00,0,0
1506310470,s1-eth3,24700.60,1186117.75,1210818.38,1188490,24750,374.25,783.43,1157.68,785,375,0.00,0.00,0,0
1506310470,eth0,0.00,0.00,0.00,0,0,0.00,0.00,0.00,0,0,0.00,0.00,0,0
1506310470,s5-eth2,9419.16,439209.59,448628.75,440088,9438,142.71,151.70,294.41,152,143,0.00,0.00,0,0
1506310470,s3-eth1,1053151.75,22065.87,1075217.62,22110,1055258,695.61,334.33,1029.94,335,697,0.00,0.00,0,0
1506310470,s2-eth3,22065.87,1053151.75,1075217.62,1055258,22110,334.33,695.61,1029.94,697,335,0.00,0.00,0,0
1506310470,s4-eth3,9419.16,448760.50,458179.66,449658,9438,142.71,296.41,439.12,297,143,0.00,0.00,0,0
1506310470,total,4755579.00,4785257.50,9540837.00,4794828,4765090,4571.86,4189.62,8761.48,4198,4581,0.00,0.00,0,0
1506310471,s3-eth2,10039.92,298700.59,308740.53,299298,10060,141.72,124.75,266.47,125,142,0.00,0.00,0,0
1506310471,s1-eth1,1249648.75,44229.54,1293878.25,44318,1252148,826.35,603.79,1430.14,605,828,0.00,0.00,0,0
1506310471,s4-eth1,666411.19,25770.46,692181.62,25822,667744,441.12,346.31,787.43,347,442,0.00,0.00,0,0
1506310471,s2-eth1,1080419.25,40289.42,1120708.62,40370,1082580,714.57,547.90,1262.48,549,716,0.00,0.00,0,0
1506310471,s3-eth3,25770.46,667922.19,693692.62,669258,25822,346.31,442.12,788.42,443,347,0.00,0.00,0,0
1506310471,s1-eth2,4009.98,107209.59,111219.56,107424,4018,56.89,47.90,104.79,48,57,0.00,0.00,0,0
1506310471,s5-eth1,403834.19,15610.39,419444.56,15626,404238,266.73,212.79,479.52,213,267,0.00,0.00,0,0
1506310471,lo,1688.31,1688.31,3376.62,1690,1690,14.99,14.99,29.97,15,15,0.00,0.00,0,0
1506310471,s4-eth2,10255.74,261326.69,271582.44,261588,10266,134.87,123.88,258.74,124,135,0.00,0.00,0,0
1506310471,s2-eth2,4557.44,110671.33,115228.77,110782,4562,60.94,54.95,115.88,55,61,0.00,0.00,0,0
1506310471,s1-eth3,40289.42,1078908.25,1119197.62,1081066,40370,547.90,713.57,1261.48,715,549,0.00,0.00,0,0
1506310471,eth0,0.00,0.00,0.00,0,0,0.00,0.00,0.00,0,0,0.00,0.00,0,0
1506310471,s5-eth2,15594.81,395403.22,410998.00,396194,15626,212.57,188.62,401.20,189,213,0.00,0.00,0,0
1506310471,s3-eth1,970117.81,35806.39,1005924.19,35878,972058,641.72,488.02,1129.74,489,643,0.00,0.00,0,0
1506310471,s2-eth3,35806.39,970117.81,1005924.19,972058,35878,488.02,641.72,1129.74,643,489,0.00,0.00,0,0
1506310471,s4-eth3,15594.81,400409.19,416004.00,401210,15626,212.57,264.47,477.05,265,213,0.00,0.00,0,0
1506310471,total,4533619.00,4453675.00,8987294.00,4462582,4542686,5106.79,4815.37,9922.16,4825,5117,0.00,0.00,0,0
1506310472,s3-eth2,6598.40,293076.94,299675.34,293370,6605,97.90,100.90,198.80,101,98,0.00,0.00,0,0
1506310472,s1-eth1,1234189.88,27098.90,1261288.75,27126,1235424,815.18,410.59,1225.77,411,816,0.00,0.00,0,0
1506310472,s4-eth1,715406.62,15164.84,730571.44,15180,716122,472.53,229.77,702.30,230,473,0.00,0.00,0,0
1506310472,s2-eth1,1151003.00,24395.61,1175398.62,24420,1152154,760.24,369.63,1129.87,370,761,0.00,0.00,0,0
1506310472,s3-eth3,15164.84,713894.12,729058.94,714608,15180,229.77,471.53,701.30,472,230,0.00,0.00,0,0
1506310472,s1-eth2,2769.23,122833.17,125602.40,122956,2772,41.96,41.96,83.92,42,42,0.00,0.00,0,0
1506310472,s5-eth1,411396.62,8769.23,420165.84,8778,411808,271.73,132.87,404.60,133,272,0.00,0.00,0,0
1506310472,lo,0.00,0.00,0.00,0,0,0.00,0.00,0.00,0,0,0.00,0.00,0,0
1506310472,s4-eth2,6395.60,299060.94,305456.56,299360,6402,96.90,103.90,200.80,104,97,0.00,0.00,0,0
1506310472,s2-eth2,2901.10,134801.20,137702.30,134936,2904,43.96,47.95,91.91,48,44,0.00,0.00,0,0
1506310472,s1-eth3,24395.61,1152515.50,1176911.12,1153668,24420,369.63,761.24,1130.87,762,370,0.00,0.00,0,0
1506310472,eth0,0.00,0.00,0.00,0,0,0.00,0.00,0.00,0,0,0.00,0.00,0,0
1506310472,s5-eth2,8703.30,402627.38,411330.69,403030,8712,131.87,138.86,270.73,139,132,0.00,0.00,0,0
1506310472,s3-eth1,1014879.12,21494.51,1036373.62,21516,1015894,670.33,325.67,996.00,326,671,0.00,0.00,0,0
1506310472,s2-eth3,21494.51,1014879.12,1036373.62,1015894,21516,325.67,670.33,996.00,671,326,0.00,0.00,0,0
1506310472,s4-eth3,8769.23,411396.62,420165.84,411808,8778,132.87,271.73,404.60,272,133,0.00,0.00,0,0
1506310472,total,4624067.00,4642008.00,9266075.00,4646650,4628691,4460.54,4076.92,8537.46,4081,4465,0.00,0.00,0,0
1506310473,s3-eth2,7280.72,287158.84,294439.56,287446,7288,101.90,98.90,200.80,99,102,0.00,0.00,0,0
1506310473,s1-eth1,1249096.00,27164.84,1276260.75,27192,1250345,833.17,411.59,1244.76,412,834,0.00,0.00,0,0
1506310473,s4-eth1,706807.19,15843.16,722650.38,15859,707514,469.53,233.77,703.30,234,470,0.00,0.00,0,0
1506310473,s2-eth1,1130779.25,24668.33,1155447.62,24693,1131910,752.25,371.63,1123.88,372,753,0.00,0.00,0,0
1506310473,s3-eth3,15843.16,706807.19,722650.38,707514,15859,233.77,469.53,703.30,470,234,0.00,0.00,0,0
1506310473,s1-eth2,3923.08,128887.12,132810.19,129016,3927,48.95,45.95,94.91,46,49,0.00,0.00,0,0
1506310473,s5-eth1,402594.41,9584.42,412178.84,9594,402997,267.73,136.86,404.60,137,268,0.00,0.00,0,0
1506310473,lo,15340.66,15340.66,30681.32,15356,15356,87.91,87.91,175.82,88,88,0.00,0.00,0,0
1506310473,s4-eth2,7615.38,294523.50,302138.88,294818,7623,104.90,100.90,205.79,101,105,0.00,0.00,0,0
1506310473,s2-eth2,3989.01,125858.15,129847.16,125984,3993,49.95,43.96,93.91,44,50,0.00,0.00,0,0
1506310473,s1-eth3,24643.71,1128139.75,1152783.50,1130396,24693,371.26,750.50,1121.76,752,372,0.00,0.00,0,0
1506310473,eth0,0.00,0.00,0.00,0,0,0.00,0.00,0.00,0,0,0.00,0.00,0,0
1506310473,s5-eth2,9847.31,393357.28,403204.59,394144,9867,138.72,135.73,274.45,136,139,0.00,0.00,0,0
1506310473,s3-eth1,999434.19,22013.97,1021448.12,22058,1001433,663.67,329.34,993.01,330,665,0.00,0.00,0,0
1506310473,s2-eth3,22013.97,999434.19,1021448.12,1001433,22058,329.34,663.67,993.01,665,330,0.00,0.00,0,0
1506310473,s4-eth3,9574.85,402192.62,411767.47,402997,9594,136.73,267.47,404.19,268,137,0.00,0.00,0,0
1506310473,total,4605246.50,4579341.50,9184588.00,4588500,4614457,4586.83,4145.71,8732.54,4154,4596,0.00,0.00,0,0
1506310474,s3-eth2,6329.67,282753.25,289082.94,283036,6336,95.90,97.90,193.81,98,96,0.00,0.00,0,0
1506310474,s1-eth1,1243264.7