1506310335,s1-eth1,0.00,0.00,0.00,0,0,0.00,0.00,0.00,0,0,0.00,0.00,0,0
1506310335,s2-eth1,0.00,0.00,0.00,0,0,0.00,0.00,0.00,0,0,0.00,0.00,0,0
1506310335,s1-eth2,0.00,0.00,0.00,0,0,0.00,0.00,0.00,0,0,0.00,0.00,0,0
1506310335,lo,0.00,0.00,0.00,0,0,0.00,0.00,0.00,0,0,0.00,0.00,0,0
1506310335,s2-eth2,0.00,0.00,0.00,0,0,0.00,0.00,0.00,0,0,0.00,0.00,0,0
1506310335,s1-eth3,0.00,0.00,0.00,0,0,0.00,0.00,0.00,0,0,0.00,0.00,0,0
1506310335,eth0,0.00,0.00,0.00,0,0,0.00,0.00,0.00,0,0,0.00,0.00,0,0
1506310335,total,0.00,0.00,0.00,0,0,0.00,0.00,0.00,0,0,0.00,0.00,0,0
1506310336,s1-eth1,1250515.00,27480.00,1277995.00,27480,1250515,847.00,416.00,1263.00,416,847,0.00,0.00,0,0
1506310336,s2-eth1,573781.00,13255.00,587036.00,13255,573781,389.00,190.00,579.00,190,389,0.00,0.00,0,0
1506310336,s1-eth2,18764.00,718648.00,737412.00,718648,18764,258.00,248.00,506.00,248,258,0.00,0.00,0,0
1506310336,lo,11390.00,11390.00,22780.00,11390,11390,74.00,74.00,148.00,74,74,0.00,0.00,0,0
1506310336,s2-eth2,13914.00,563294.00,577208.00,563294,13914,193.00,197.00,390.00,197,193,0.00,0.00,0,0
1506310336,s1-eth3,13255.00,573781.00,587036.00,573781,13255,190.00,389.00,579.00,389,190,0.00,0.00,0,0
1506310336,eth0,633.00,0.00,633.00,0,633,7.00,0.00,7.00,0,7,0.00,0.00,0,0
1506310336,total,1882252.00,1907848.00,3790100.00,1907848,1882252,1958.00,1514.00,3472.00,1514,1958,0.00,0.00,0,0
1506310337,s1-eth1,1247448.00,28248.00,1275696.00,28248,1247448,832.00,428.00,1260.00,428,832,0.00,0.00,0,0
1506310337,s2-eth1,592378.00,13010.00,605388.00,13010,592378,394.00,194.00,588.00,194,394,0.00,0.00,0,0
1506310337,s1-eth2,16387.00,697914.00,714301.00,697914,16387,242.00,241.00,483.00,241,242,0.00,0.00,0,0
1506310337,lo,2804.00,2804.00,5608.00,2804,2804,18.00,18.00,36.00,18,18,0.00,0.00,0,0
1506310337,s2-eth2,13480.00,579500.00,592980.00,579500,13480,198.00,202.00,400.00,202,198,0.00,0.00,0,0
1506310337,s1-eth3,13010.00,592378.00,605388.00,592378,13010,194.00,394.00,588.00,394,194,0.00,0.00,0,0
1506310337,eth0,791.00,0.00,791.00,0,791,8.00,0.00,8.00,0,8,0.00,0.00,0,0
1506310337,total,1886298.00,1913854.00,3800152.00,1913854,1886298,1886.00,1477.00,3363.00,1477,1886,0.00,0.00,0,0
1506310338,s1-eth1,1237546.00,28260.00,1265806.00,28260,1237546,822.00,428.00,1250.00,428,822,0.00,0.00,0,0
1506310338,s2-eth1,562101.00,12761.00,574862.00,12761,562101,374.00,190.00,564.00,190,374,0.00,0.00,0,0
1506310338,s1-eth2,16783.00,726020.00,742803.00,726020,16783,248.00,250.00,498.00,250,248,0.00,0.00,0,0
1506310338,lo,2816.00,2816.00,5632.00,2816,2816,18.00,18.00,36.00,18,18,0.00,0.00,0,0
1506310338,s2-eth2,13168.00,546918.00,560086.00,546918,13168,193.00,191.00,384.00,191,193,0.00,0.00,0,0
1506310338,s1-eth3,12761.00,562101.00,574862.00,562101,12761,190.00,374.00,564.00,374,190,0.00,0.00,0,0
1506310338,eth0,5569.00,3030.00,8599.00,3030,5569,21.00,15.00,36.00,15,21,0.00,0.00,0,0
1506310338,total,1850744.00,1881906.00,3732650.00,1881906,1850744,1866.00,1466.00,3332.00,1466,1866,0.00,0.00,0,0
1506310339,s1-eth1,1225372.00,28050.00,1253422.00,28050,1225372,813.00,425.00,1238.00,425,813,0.00,0.00,0,0
1506310339,s2-eth1,581688.00,13120.00,594808.00,13120,581688,387.00,197.00,584.00,197,387,0.00,0.00,0,0
1506310339,s1-eth2,15827.00,689206.00,705033.00,689206,15827,236.00,241.00,477.00,241,236,0.00,0.00,0,0
1506310339,lo,4308.00,4308.00,8616.00,4308,4308,36.00,36.00,72.00,36,36,0.00,0.00,0,0
1506310339,s2-eth2,13390.00,569208.00,582598.00,569208,13390,199.00,200.00,399.00,200,199,0.00,0.00,0,0
1506310339,s1-eth3,13120.00,581688.00,594808.00,581688,13120,197.00,387.00,584.00,387,197,0.00,0.00,0,0
1506310339,eth0,213.00,0.00,213.00,0,213,1.00,0.00,1.00,0,1,0.00,0.00,0,0
1506310339,total,1853918.00,1885580.00,3739498.00,1885580,1853918,1869.00,1486.00,3355.00,1486,1869,0.00,0.00,0,0
1506310340,s1-eth1,1243804.25,29904.10,1273708.38,29934,1245048,825.17,444.56,1269.73,445,826,0.00,0.00,0,0
1506310340,s2-eth1,571790.25,12789.21,584579.44,12802,572362,378.62,192.81,571.43,193,379,0.00,0.00,0,0
1506310340,s1-eth2,17524.48,709646.38,727170.88,710356,17542,255.74,253.75,509.49,254,256,0.00,0.00,0,0
1506310340,lo,1246.75,1246.75,2493.51,1248,1248,9.99,9.99,19.98,10,10,0.00,0.00,0,0
1506310340,s2-eth2,12789.21,559790.25,572579.44,560350,12802,192.81,196.80,389.61,197,193,0.00,0.00,0,0
1506310340,s1-eth3,12789.21,571790.25,584579.44,572362,12802,192.81,378.62,571.43,379,193,0.00,0.00,0,0
1506310340,eth0,212.79,623.38,836.16,624,213,1.00,7.99,8.99,8,1,0.00,0.00,0,0
1506310340,total,1860156.88,1885790.25,3745947.25,1887676,1862017,1856.14,1484.52,3340.66,1486,1858,0.00,0.00,0,0
1506310341,s1-eth1,1242159.88,63320.68,1305480.50,63384,1243402,824.18,799.20,1623.38,800,825,0.00,0.00,0,0
1506310341,s2-eth1,582511.50,31590.41,614101.94,31622,583094,386.61,412.59,799.20,413,387,0.00,0.00,0,0
1506310341,s1-eth2,32275.72,528567.44,560843.19,529096,32308,391.61,271.73,663.34,272,392,0.00,0.00,0,0
1506310341,lo,1790.21,1790.21,3580.42,1792,1792,12.99,12.99,25.97,13,13,0.00,0.00,0,0
1506310341,s2-eth2,31794.21,577230.81,609025.00,577808,31826,414.59,307.69,722.28,308,415,0.00,0.00,0,0
1506310341,s1-eth3,31622.00,583094.00,614716.00,583094,31622,413.00,387.00,800.00,387,413,0.00,0.00,0,0
1506310341,eth0,580.42,0.00,580.42,0,581,5.00,0.00,5.00,0,5,0.00,0.00,0,0
1506310341,total,1924625.00,1786796.00,3711421.00,1786796,1924625,2450.00,2193.00,4643.00,2193,2450,0.00,0.00,0,0
1506310342,s1-eth1,1240647.38,43780.22,1284427.62,43824,1241888,823.18,663.34,1486.51,664,824,0.00,0.00,0,0
1506310342,s2-eth1,697663.38,19527.47,717190.81,19547,698361,463.54,292.71,756.24,293,464,0.00,0.00,0,0
1506310342,s1-eth2,25335.66,567286.75,592622.38,567854,25361,379.62,222.78,602.40,223,380,0.00,0.00,0,0
1506310342,lo,2761.24,2761.24,5522.48,2764,2764,16.98,16.98,33.97,17,17,0.00,0.00,0,0
1506310342,s2-eth2,19934.07,683674.38,703608.44,684358,19954,295.70,254.75,550.45,255,296,0.00,0.00,0,0
1506310342,s1-eth3,19527.47,697663.38,717190.81,698361,19547,292.71,463.54,756.24,464,293,0.00,0.00,0,0
1506310342,eth0,367.63,0.00,367.63,0,368,4.00,0.00,4.00,0,4,0.00,0.00,0,0
1506310342,total,2006236.88,2014693.38,4020930.25,2016708,2008243,2275.72,1914.09,4189.81,1916,2278,0.00,0.00,0,0
1506310343,s1-eth1,1234316.00,27324.00,1261640.00,27324,1234316,817.00,414.00,1231.00,414,817,0.00,0.00,0,0
1506310343,s2-eth1,711580.00,15180.00,726760.00,15180,711580,470.00,230.00,700.00,230,470,0.00,0.00,0,0
1506310343,s1-eth2,12281.00,533556.00,545837.00,533556,12281,184.00,186.00,370.00,186,184,0.00,0.00,0,0
1506310343,lo,0.00,0.00,0.00,0,0,0.00,0.00,0.00,0,0,0.00,0.00,0,0
1506310343,s2-eth2,15180.00,696400.00,711580.00,696400,15180,230.00,240.00,470.00,240,230,0.00,0.00,0,0
1506310343,s1-eth3,15180.00,711580.00,726760.00,711580,15180,230.00,470.00,700.00,470,230,0.00,0.00,0,0
1506310343,eth0,0.00,0.00,0.00,0,0,0.00,0.00,0.00,0,0,0.00,0.00,0,0
1506310343,total,1988537.00,1984040.00,3972577.00,1984040,1988537,1931.00,1540.00,3471.00,1540,1931,0.00,0.00,0,0
1506310344,s1-eth1,1228262.00,26730.00,1254992.00,26730,1228262,815.00,405.00,1220.00,405,815,0.00,0.00,0,0
1506310344,s2-eth1,716326.00,15714.00,732040.00,15714,716326,475.00,237.00,712.00,237,475,0.00,0.00,0,0
1506310344,s1-eth2,11694.00,506766.00,518460.00,506766,11694,175.00,175.00,350.00,175,175,0.00,0.00,0,0
1506310344,lo,1844.00,1844.00,3688.00,1844,1844,14.00,14.00,28.00,14,14,0.00,0.00,0,0
1506310344,s2-eth2,15852.00,700876.00,716728.00,700876,15852,238.00,242.00,480.00,242,238,0.00,0.00,0,0
1506310344,s1-eth3,15714.00,716326.00,732040.00,716326,15714,237.00,475.00,712.00,475,237,0.00,0.00,0,0
1506310344,eth0,368.00,0.00,368.00,0,368,4.00,0.00,4.00,0,4,0.00,0.00,0,0
1506310344,total,1990060.00,1968256.00,3958316.00,1968256,1990060,1958.00,1548.00,3506.00,1548,1958,0.00,0.00,0,0
1506310345,s1-eth1,1239966.00,27126.00,1267092.00,27126,1239966,819.00,411.00,1230.00,411,819,0.00,0.00,0,0
1506310345,s2-eth1,704010.00,15312.00,719322.00,15312,704010,465.00,232.00,697.00,232,465,0.00,0.00,0,0
1506310345,s1-eth2,11748.00,527500.00,539248.00,527500,11748,178.00,182.00,360.00,182,178,0.00,0.00,0,0
1506310345,lo,0.00,0.00,0.00,0,0,0.00,0.00,0.00,0,0,0.00,0.00,0,0
1506310345,s2-eth2,15378.00,689028.00,704406.00,689028,15378,233.00,238.00,471.00,238,233,0.00,0.00,0,0
1506310345,s1-eth3,15378.00,704010.00,719388.00,704010,15378,233.00,465.00,698.00,465,233,0.00,0.00,0,0
1506310345,eth0,0.00,136.00,136.00,136,0,0.00,1.00,1.00,1,0,0.00,0.00,0,0
1506310345,total,1986480.00,1963112.00,3949592.00,1963112,1986480,1928.00,1529.00,3457.00,1529,1928,0.00,0.00,0,0
1506310346,s1-eth1,1226340.00,26730.00,1253070.00,26730,1226340,810.00,405.00,1215.00,405,810,0.00,0.00,0,0
1506310346,s2-eth1,704080.00,15378.00,719458.00,15378,704080,466.00,233.00,699.00,233,466,0.00,0.00,0,0
1506310346,s1-eth2,11422.00,511176.00,522598.00,511176,11422,173.00,176.00,349.00,176,173,0.00,0.00,0,0
1506310346,lo,338.00,338.00,676.00,338,338,3.00,3.00,6.00,3,3,0.00,0.00,0,0
1506310346,s2-eth2,15312.00,688962.00,704274.00,688962,15312,232.00,237.00,469.00,237,232,0.00,0.00,0,0
1506310346,s1-eth3,15312.00,704080.00,719392.00,704080,15312,232.00,466.00,698.00,466,232,0.00,0.00,0,0
1506310346,eth0,0.00,0.00,0.00,0,0,0.00,0.00,0.00,0,0,0.00,0.00,0,0
1506310346,total,1972804.00,1946664.00,3919468.00,1946664,1972804,1916.00,1520.00,3436.00,1520,1916,0.00,0.00,0,0
1506310347,s1-eth1,1249190.00,27192.00,1276382.00,27192,1249190,827.00,412.00,1239.00,412,827,0.00,0.00,0,0
1506310347,s2-eth1,722178.00,15782.00,737960.00,15782,722178,477.00,239.00,716.00,239,477,0.00,0.00,0,0
1506310347,s1-eth2,11616.00,527570.00,539186.00,527570,11616,176.00,183.00,359.00,183,176,0.00,0.00,0,0
1506310347,lo,1014.00,1014.00,2028.00,1014,1014,9.00,9.00,18.00,9,9,0.00,0.00,0,0
1506310347,s2-eth2,15848.00,709762.00,725610.00,709762,15848,240.00,245.00,485.00,245,240,0.00,0.00,0,0
1506310347,s1-eth3,15782.00,722178.00,737960.00,722178,15782,239.00,477.00,716.00,477,239,0.00,0.00,0,0
1506310347,eth0,0.00,0.00,0.00,0,0,0.00,0.00,0.00,0,0,0.00,0.00,0,0
1506310347,total,2015628.00,2003498.00,4019126.00,2003498,2015628,1968.00,1565.00,3533.00,1565,1968,0.00,0.00,0,0
1506310348,s1-eth1,1241822.25,27168.83,1268991.00,27196,1243064,821.18,411.59,1232.77,412,822,0.00,0.00,0,0
1506310348,s2-eth1,676988.06,14692.62,691680.69,14722,678342,448.10,222.55,670.66,223,449,0.00,0.00,0,0
1506310348,s1-eth2,12457.09,572299.44,584756.50,573444,12482,188.62,197.60,386.23,198,189,0.00,0.00,0,0
1506310348,lo,1349.30,1349.30,2698.60,1352,1352,11.98,11.98,23.95,12,12,0.00,0.00,0,0
1506310348,s2-eth2,14762.48,662562.88,677325.38,663888,14792,223.55,229.54,453.09,230,224,0.00,0.00,0,0
1506310348,s1-eth3,14619.66,673626.62,688246.31,678342,14722,221.45,445.88,667.33,449,223,0.00,0.00,0,0
1506310348,eth0,0.00,0.00,0.00,0,0,0.00,0.00,0.00,0,0,0.00,0.00,0,0
1506310348,total,1951096.38,1945326.75,3896423.00,1958944,1964754,1905.66,1513.41,3419.07,1524,1919,0.00,0.00,0,0
1506310349,s1-eth1,1246184.88,31791.25,1277976.12,31982,1253662,824.06,452.29,1276.34,455,829,0.00,0.00,0,0
1506310349,s2-eth1,635097.44,18904.57,654002.00,19018,638908,419.48,257.46,676.94,259,422,0.00,0.00,0,0
1506310349,s1-eth2,12994.04,611244.50,624238.56,614912,13072,196.82,210.74,407.55,212,198,0.00,0.00,0,0
1506310349,lo,0.00,0.00,0.00,0,0,0.00,0.00,0.00,0,0,0.00,0.00,0,0
1506310349,s2-eth2,18904.57,621848.88,640753.50,625580,19018,257.46,240.56,498.01,242,259,0.00,0.00,0,0
1506310349,s1-eth3,18999.00,638269.75,657268.75,638908,19018,258.74,421.58,680.32,422,259,0.00,0.00,0,0
1506310349,eth0,0.00,0.00,0.00,0,0,0.00,0.00,0.00,0,0,0.00,0.00,0,0
1506310349,total,1941736.38,1928471.62,3870208.00,1930400,1943678,1965.04,1588.41,3553.45,1590,1967,0.00,0.00,0,0
1506310350,s1-eth1,1246022.00,43212.00,1289234.00,43212,1246022,823.00,564.00,1387.00,564,823,0.00,0.00,0,0
1506310350,s2-eth1,623971.00,22435.00,646406.00,22435,623971,413.00,287.00,700.00,287,413,0.00,0.00,0,0
1506310350,s1-eth2,21277.00,567858.00,589135.00,567858,21277,280.00,245.00,525.00,245,280,0.00,0.00,0,0
1506310350,lo,1208.00,1208.00,2416.00,1208,1208,6.00,6.00,12.00,6,6,0.00,0.00,0,0
1506310350,s2-eth2,22572.00,613212.00,635784.00,613212,22572,287.00,274.00,561.00,274,287,0.00,0.00,0,0
1506310350,s1-eth3,22435.00,623971.00,646406.00,623971,22435,287.00,413.00,700.00,413,287,0.00,0.00,0,0
1506310350,eth0,0.00,42.00,42.00,42,0,0.00,1.00,1.00,1,0,0.00,0.00,0,0
1506310350,total,1937485.00,1871938.00,3809423.00,1871938,1937485,2096.00,1790.00,3886.00,1790,2096,0.00,0.00,0,0
1506310351,s1-eth1,1231288.00,26796.00,1258084.00,26796,1231288,815.00,406.00,1221.00,406,815,0.00,0.00,0,0
1506310351,s2-eth1,675244.00,14124.00,689368.00,14124,675244,446.00,214.00,660.00,214,446,0.00,0.00,0,0
1506310351,s1-eth2,12809.00,586740.00,599549.00,586740,12809,192.00,202.00,394.00,202,192,0.00,0.00,0,0
1506310351,lo,0.00,0.00,0.00,0,0,0.00,0.00,0.00,0,0,0.00,0.00,0,0
1506310351,s2-eth2,14190.00,660856.00,675046.00,660856,14190,215.00,228.00,443.00,228,215,0.00,0.00,0,0
1506310351,s1-eth3,14109.89,674569.44,688679.31,675244,14124,213.79,445.55,659.34,446,214,0.00,0.00,0,0
1506310351,eth0,0.00,41.96,41.96,42,0,0.00,1.00,1.00,1,0,0.00,0.00,0,0
1506310351,total,1945709.38,1961840.25,3907549.50,1963802,1947655,1880.12,1495.50,3375.62,1497,1882,0.00,0.00,0,0
1506310352,s1-eth1,1236938.00,27060.00,1263998.00,27060,1236938,817.00,410.00,1227.00,410,817,0.00,0.00,0,0
1506310352,s2-eth1,647992.00,13728.00,661720.00,13728,647992,428.00,208.00,636.00,208,428,0.00,0.00,0,0
1506310352,s1-eth2,13332.00,613464.00,626796.00,613464,13332,202.00,212.00,414.00,212,202,0.00,0.00,0,0
1506310352,lo,0.00,0.00,0.00,0,0,0.00,0.00,0.00,0,0,0.00,0.00,0,0
1506310352,s2-eth2,13728.00,634198.00,647926.00,634198,13728,208.00,219.00,427.00,219,208,0.00,0.00,0,0
1506310352,s1-eth3,13728.00,647992.00,661720.00,647992,13728,208.00,428.00,636.00,428,208,0.00,0.00,0,0
1506310352,eth0,0.00,42.00,42.00,42,0,0.00,1.00,1.00,1,0,0.00,0.00,0,0
1506310352,total,1925718.00,1936484.00,3862202.00,1936484,1925718,1863.00,1478.00,3341.00,1478,1863,0.00,0.00,0,0
1506310353,s1-eth1,1227854.00,53806.00,1281660.00,53806,1227854,811.00,651.00,1462.00,651,811,0.00,0.00,0,0
1506310353,s2-eth1,637394.00,27958.00,665352.00,27958,637394,421.00,345.00,766.00,345,421,0.00,0.00,0,0
1506310353,s1-eth2,25848.00,454192.00,480040.00,454192,25848,306.00,256.00,562.00,256,306,0.00,0.00,0,0
1506310353,lo,0.00,0.00,0.00,0,0,0.00,0.00,0.00,0,0,0.00,0.00,0,0
1506310353,s2-eth2,27892.00,629870.00,657762.00,629870,27892,344.00,307.00,651.00,307,344,0.00,0.00,0,0
1506310353,s1-eth3,27958.00,637394.00,665352.00,637394,27958,345.00,421.00,766.00,421,345,0.00,0.00,0,0
1506310353,eth0,0.00,42.00,42.00,42,0,0.00,1.00,1.00,1,0,0.00,0.00,0,0
1506310353,total,1946946.00,1803262.00,3750208.00,1803262,1946946,2227.00,1981.00,4208.00,1981,2227,0.00,0.00,0,0
1506310354,s1-eth1,1229368.00,26796.00,1256164.00,26796,1229368,812.00,406.00,1218.00,406,812,0.00,0.00,0,0
1506310354,s2-eth1,772140.00,16368.00,788508.00,16368,772140,510.00,248.00,758.00,248,510,0.00,0.00,0,0
1506310354,s1-eth2,10428.00,481556.00,491984.00,481556,10428,158.00,166.00,324.00,166,158,0.00,0.00,0,0
1506310354,lo,0.00,0.00,0.00,0,0,0.00,0.00,0.00,0,0,0.00,0.00,0,0
1506310354,s2-eth2,16434.00,755706.00,772140.00,755706,16434,249.00,261.00,510.00,261,249,0.00,0.00,0,0
1506310354,s1-eth3,16434.00,772140.00,788574.00,772140,16434,249.00,510.00,759.00,510,249,0.00,0.00,0,0
1506310354,eth0,0.00,42.00,42.00,42,0,0.00,1.00,1.00,1,0,0.00,0.00,0,0
1506310354,total,2044804.00,2052608.00,4097412.00,2052608,2044804,1978.00,1592.00,3570.00,1592,1978,0.00,0.00,0,0
1506310355,s1-eth1,1238727.25,27032.97,1265760.25,27060,1239966,818.18,409.59,1227.77,410,819,0.00,0.00,0,0
1506310355,s2-eth1,747168.88,16153.85,763322.69,16170,747916,493.51,244.76,738.26,245,494,0.00,0.00,0,0
1506310355,s1-eth2,10879.12,494423.59,505302.72,494918,10890,164.84,170.83,335.66,171,165,0.00,0.00,0,0
1506310355,lo,343.66,343.66,687.31,344,344,5.99,5.99,11.99,6,6,0.00,0.00,0,0
1506310355,s2-eth2,16153.85,731212.81,747366.62,731944,16170,244.76,251.75,496.50,252,245,0.00,0.00,0,0
1506310355,s1-eth3,16087.91,747168.88,763256.75,747916,16104,243.76,493.51,737.26,494,244,0.00,0.00,0,0
1506310355,eth0,0.00,41.96,41.96,42,0,0.00,1.00,1.00,1,0,0.00,0.00,0,0
1506310355,total,2029360.75,2016377.62,4045738.25,2018394,2031390,1971.03,1577.42,3548.45,1579,1973,0.00,0.00,0,0
1506310356,s1-eth1,1232396.00,26796.00,1259192.00,26796,1232396,814.00,406.00,1220.00,406,814,0.00,0.00,0,0
1506310356,s2-eth1,736581.44,16087.91,752669.38,16104,737318,486.51,243.76,730.27,244,487,0.00,0.00,0,0
1506310356,s1-eth2,10747.25,484033.97,494781.22,484518,10758,162.84,166.83,329.67,167,163,0.00,0.00,0,0
1506310356,lo,0.00,0.00,0.00,0,0,0.00,0.00,0.00,0,0,0.00,0.00,0,0
1506310356,s2-eth2,16021.98,723848.19,739870.12,724572,16038,242.76,249.75,492.51,250,243,0.00,0.00,0,0
1506310356,s1-eth3,16087.91,736581.44,752669.38,737318,16104,243.76,486.51,730.27,487,244,0.00,0.00,0,0
1506310356,eth0,0.00,0.00,0.00,0,0,0.00,0.00,0.00,0,0,0.00,0.00,0,0
1506310356,total,2010603.50,1987320.75,3997924.25,1989308,2012614,1949.05,1552.45,3501.50,1554,1951,0.00,0.00,0,0
1506310357,s1-eth1,1240239.75,27098.90,1267338.75,27126,1241480,819.18,410.59,1229.77,411,820,0.00,0.00,0,0
1506310357,s2-eth1,772881.12,16747.25,789628.38,16764,773654,510.49,253.75,764.24,254,511,0.00,0.00,0,0
1506310357,s1-eth2,10351.65,464833.19,475184.81,465298,10362,156.84,160.84,317.68,161,157,0.00,0.00,0,0
1506310357,lo,0.00,0.00,0.00,0,0,0.00,0.00,0.00,0,0,0.00,0.00,0,0
1506310357,s2-eth2,16747.25,753438.56,770185.81,754192,16764,253.75,259.74,513.49,260,254,0.00,0.00,0,0
1506310357,s1-eth3,16764.00,773654.00,790418.00,773654,16764,254.00,511.00,765.00,511,254,0.00,0.00,0,0
1506310357,eth0,0.00,0.00,0.00,0,0,0.00,0.00,0.00,0,0,0.00,0.00,0,0
1506310357,total,2059024.00,2037034.00,4096058.00,2037034,2059024,1996.00,1597.00,3593.00,1597,1996,0.00,0.00,0,0
1506310358,s1-eth1,1232396.00,26862.00,1259258.00,26862,1232396,814.00,407.00,1221.00,407,814,0.00,0.00,0,0
1506310358,s2-eth1,749430.00,16302.00,765732.00,16302,749430,495.00,247.00,742.00,247,495,0.00,0.00,0,0
1506310358,s1-eth2,10560.00,474118.00,484678.00,474118,10560,160.00,163.00,323.00,163,160,0.00,0.00,0,0
1506310358,lo,0.00,0.00,0.00,0,0,0.00,0.00,0.00,0,0,0.00,0.00,0,0
1506310358,s2-eth2,16368.00,733458.00,749826.00,733458,16368,248.00,253.00,501.00,253,248,0.00,0.00,0,0
1506310358,s1-eth3,16302.00,749430.00,765732.00,749430,16302,247.00,495.00,742.00,495,247,0.00,0.00,0,0
1506310358,eth0,0.00,180.00,180.00,180,0,0.00,3.00,3.00,3,0,0.00,0.00,0,0
1506310358,total,2025056.00,2000350.00,4025406.00,2000350,2025056,1964.00,1568.00,3532.00,1568,1964,0.00,0.00,0,0
1506310359,s1-eth1,1252078.00,27192.00,1279270.00,27192,1252078,827.00,412.00,1239.00,412,827,0.00,0.00,0,0
1506310359,s2-eth1,753972.00,16302.00,770274.00,16302,753972,498.00,247.00,745.00,247,498,0.00,0.00,0,0
1506310359,s1-eth2,10890.00,500842.00,511732.00,500842,10890,165.00,173.00,338.00,173,165,0.00,0.00,0,0
1506310359,lo,0.00,0.00,0.00,0,0,0.00,0.00,0.00,0,0,0.00,0.00,0,0
1506310359,s2-eth2,16236.00,737934.00,754170.00,737934,16236,246.00,255.00,501.00,255,246,0.00,0.00,0,0
1506310359,s1-eth3,16302.00,753972.00,770274.00,753972,16302,247.00,498.00,745.00,498,247,0.00,0.00,0,0
1506310359,eth0,0.00,42.00,42.00,42,0,0.00,1.00,1.00,1,0,0.00,0.00,0,0
1506310359,total,2049478.00,2036284.00,4085762.00,2036284,2049478,1983.00,1586.00,3569.00,1586,1983,0.00,0.00,0,0
1506310360,s1-eth1,1247536.00,27258.00,1274794.00,27258,1247536,824.00,413.00,1237.00,413,824,0.00,0.00,0,0
1506310360,s2-eth1,750944.00,16038.00,766982.00,16038,750944,496.00,243.00,739.00,243,496,0.00,0.00,0,0
1506310360,s1-eth2,11220.00,518614.00,529834.00,518614,11220,170.00,179.00,349.00,179,170,0.00,0.00,0,0
1506310360,lo,344.00,344.00,688.00,344,344,6.00,6.00,12.00,6,6,0.00,0.00,0,0
1506310360,s2-eth2,16104.00,734906.00,751010.00,734906,16104,244.00,253.00,497.00,253,244,0.00,0.00,0,0
1506310360,s1-eth3,16038.00,750944.00,766982.00,750944,16038,243.00,496.00,739.00,496,243,0.00,0.00,0,0
1506310360,eth0,0.00,42.00,42.00,42,0,0.00,1.00,1.00,1,0,0.00,0.00,0,0
1506310360,total,2042186.00,2048146.00,4090332.00,2048146,2042186,1983.00,1591.00,3574.00,1591,1983,0.00,0.00,0,0
1506310361,s1-eth1,1229438.00,26796.00,1256234.00,26796,1229438,813.00,406.00,1219.00,406,813,0.00,0.00,0,0
1506310361,s2-eth1,716192.00,15114.00,731306.00,15114,716192,474.00,229.00,703.00,229,474,0.00,0.00,0,0
1506310361,s1-eth2,11752.00,554224.00,565976.00,554224,11752