1506310407,s3-eth2,0.00,0.00,0.00,0,0,0.00,0.00,0.00,0,0,0.00,0.00,0,0
1506310407,s1-eth1,0.00,0.00,0.00,0,0,0.00,0.00,0.00,0,0,0.00,0.00,0,0
1506310407,s4-eth1,0.00,0.00,0.00,0,0,0.00,0.00,0.00,0,0,0.00,0.00,0,0
1506310407,s2-eth1,0.00,0.00,0.00,0,0,0.00,0.00,0.00,0,0,0.00,0.00,0,0
1506310407,s3-eth3,0.00,0.00,0.00,0,0,0.00,0.00,0.00,0,0,0.00,0.00,0,0
1506310407,s1-eth2,0.00,0.00,0.00,0,0,0.00,0.00,0.00,0,0,0.00,0.00,0,0
1506310407,lo,0.00,0.00,0.00,0,0,0.00,0.00,0.00,0,0,0.00,0.00,0,0
1506310407,s4-eth2,0.00,0.00,0.00,0,0,0.00,0.00,0.00,0,0,0.00,0.00,0,0
1506310407,s2-eth2,0.00,0.00,0.00,0,0,0.00,0.00,0.00,0,0,0.00,0.00,0,0
1506310407,s1-eth3,0.00,0.00,0.00,0,0,0.00,0.00,0.00,0,0,0.00,0.00,0,0
1506310407,eth0,0.00,0.00,0.00,0,0,0.00,0.00,0.00,0,0,0.00,0.00,0,0
1506310407,s3-eth1,0.00,0.00,0.00,0,0,0.00,0.00,0.00,0,0,0.00,0.00,0,0
1506310407,s2-eth3,0.00,0.00,0.00,0,0,0.00,0.00,0.00,0,0,0.00,0.00,0,0
1506310407,total,0.00,0.00,0.00,0,0,0.00,0.00,0.00,0,0,0.00,0.00,0,0
1506310408,s3-eth2,7918.08,341934.06,349852.16,342276,7926,113.89,117.88,231.77,118,114,0.00,0.00,0,0
1506310408,s1-eth1,1241241.75,27098.90,1268340.75,27126,1242483,824.18,410.59,1234.77,411,825,0.00,0.00,0,0
1506310408,s4-eth1,227072.94,5544.46,232617.39,5550,227300,150.85,77.92,228.77,78,151,0.00,0.00,0,0
1506310408,s2-eth1,924529.50,19716.29,944245.75,19736,925454,612.39,296.70,909.09,297,613,0.00,0.00,0,0
1506310408,s3-eth3,5544.46,227072.94,232617.39,227300,5550,77.92,150.85,228.77,151,78,0.00,0.00,0,0
1506310408,s1-eth2,8190.00,358600.00,366790.00,358600,8190,118.00,124.00,242.00,124,118,0.00,0.00,0,0
1506310408,lo,6578.00,6578.00,13156.00,6578,6578,33.00,33.00,66.00,33,33,0.00,0.00,0,0
1506310408,s4-eth2,5684.00,222216.00,227900.00,222216,5684,78.00,76.00,154.00,76,78,0.00,0.00,0,0
1506310408,s2-eth2,7994.00,337866.00,345860.00,337866,7994,113.00,117.00,230.00,117,113,0.00,0.00,0,0
1506310408,s1-eth3,19736.00,928482.00,948218.00,928482,19736,297.00,615.00,912.00,615,297,0.00,0.00,0,0
1506310408,eth0,3677.00,3252.00,6929.00,3252,3677,14.00,15.00,29.00,15,14,0.00,0.00,0,0
1506310408,s3-eth1,577234.00,12676.00,589910.00,12676,577234,383.00,188.00,571.00,188,383,0.00,0.00,0,0
1506310408,s2-eth3,12676.00,577234.00,589910.00,577234,12676,188.00,383.00,571.00,383,188,0.00,0.00,0,0
1506310408,total,3050482.00,3068892.00,6119374.00,3068892,3050482,3005.00,2606.00,5611.00,2606,3005,0.00,0.00,0,0
1506310409,s3-eth2,8408.00,345238.00,353646.00,345238,8408,117.00,119.00,236.00,119,117,0.00,0.00,0,0
1506310409,s1-eth1,1246631.00,27394.00,1274025.00,27394,1246631,826.00,415.00,1241.00,415,826,0.00,0.00,0,0
1506310409,s4-eth1,230331.00,5629.00,235960.00,5629,230331,153.00,79.00,232.00,79,153,0.00,0.00,0,0
1506310409,s2-eth1,946859.00,20073.00,966932.00,20073,946859,628.00,302.00,930.00,302,628,0.00,0.00,0,0
1506310409,s3-eth3,5629.00,230331.00,235960.00,230331,5629,79.00,153.00,232.00,153,79,0.00,0.00,0,0
1506310409,s1-eth2,8540.00,351162.00,359702.00,351162,8540,119.00,121.00,240.00,121,119,0.00,0.00,0,0
1506310409,lo,8600.00,8600.00,17200.00,8600,8600,48.00,48.00,96.00,48,48,0.00,0.00,0,0
1506310409,s4-eth2,5898.00,225310.00,231208.00,225310,5898,81.00,79.00,160.00,79,81,0.00,0.00,0,0
1506310409,s2-eth2,8406.00,357086.00,365492.00,357086,8406,119.00,123.00,242.00,123,119,0.00,0.00,0,0
1506310409,s1-eth3,20073.00,943831.00,963904.00,943831,20073,302.00,626.00,928.00,626,302,0.00,0.00,0,0
1506310409,eth0,213.00,0.00,213.00,0,213,1.00,0.00,1.00,0,1,0.00,0.00,0,0
1506310409,s3-eth1,580268.00,12818.00,593086.00,12818,580268,385.00,190.00,575.00,190,385,0.00,0.00,0,0
1506310409,s2-eth3,12818.00,580268.00,593086.00,580268,12818,190.00,385.00,575.00,385,190,0.00,0.00,0,0
1506310409,total,3082674.00,3107740.00,6190414.00,3107740,3082674,3048.00,2640.00,5688.00,2640,3048,0.00,0.00,0,0
1506310410,s3-eth2,8562.00,346972.00,355534.00,346972,8562,124.00,124.00,248.00,124,124,0.00,0.00,0,0
1506310410,s1-eth1,1247175.00,27786.00,1274961.00,27786,1247175,832.00,421.00,1253.00,421,832,0.00,0.00,0,0
1506310410,s4-eth1,207842.00,5390.00,213232.00,5390,207842,142.00,76.00,218.00,76,142,0.00,0.00,0,0
1506310410,s2-eth1,930672.00,20068.00,950740.00,20068,930672,625.00,303.00,928.00,303,625,0.00,0.00,0,0
1506310410,s3-eth3,5390.00,207842.00,213232.00,207842,5390,76.00,142.00,218.00,142,76,0.00,0.00,0,0
1506310410,s1-eth2,9330.00,373606.00,382936.00,373606,9330,136.00,133.00,269.00,133,136,0.00,0.00,0,0
1506310410,lo,28643.00,28643.00,57286.00,28643,28643,231.00,231.00,462.00,231,231,0.00,0.00,0,0
1506310410,s4-eth2,5594.00,203150.00,208744.00,203150,5594,77.00,73.00,150.00,73,77,0.00,0.00,0,0
1506310410,s2-eth2,9204.00,355764.00,364968.00,355764,9204,132.00,126.00,258.00,126,132,0.00,0.00,0,0
1506310410,s1-eth3,20068.00,930672.00,950740.00,930672,20068,303.00,625.00,928.00,625,303,0.00,0.00,0,0
1506310410,eth0,213.00,54.00,267.00,54,213,1.00,1.00,2.00,1,1,0.00,0.00,0,0
1506310410,s3-eth1,565570.00,12592.00,578162.00,12592,565570,383.00,188.00,571.00,188,383,0.00,0.00,0,0
1506310410,s2-eth3,12592.00,565570.00,578162.00,565570,12592,188.00,383.00,571.00,383,188,0.00,0.00,0,0
1506310410,total,3050855.00,3078109.00,6128964.00,3078109,3050855,3250.00,2826.00,6076.00,2826,3250,0.00,0.00,0,0
1506310411,s3-eth2,14994.00,296622.00,311616.00,296622,14994,203.00,151.00,354.00,151,203,0.00,0.00,0,0
1506310411,s1-eth1,1229862.00,47522.00,1277384.00,47522,1229862,818.00,653.00,1471.00,653,818,0.00,0.00,0,0
1506310411,s4-eth1,278822.00,6268.00,285090.00,6268,278822,187.00,92.00,279.00,92,187,0.00,0.00,0,0
1506310411,s2-eth1,866774.00,34352.00,901126.00,34352,866774,581.00,466.00,1047.00,466,581,0.00,0.00,0,0
1506310411,s3-eth3,6268.00,278822.00,285090.00,278822,6268,92.00,187.00,279.00,187,92,0.00,0.00,0,0
1506310411,s1-eth2,14260.00,344520.00,358780.00,344520,14260,198.00,152.00,350.00,152,198,0.00,0.00,0,0
1506310411,lo,105912.00,105912.00,211824.00,105912,105912,167.00,167.00,334.00,167,167,0.00,0.00,0,0
1506310411,s4-eth2,6472.00,275640.00,282112.00,275640,6472,94.00,96.00,190.00,96,94,0.00,0.00,0,0
1506310411,s2-eth2,15420.00,285396.00,300816.00,285396,15420,196.00,156.00,352.00,156,196,0.00,0.00,0,0
1506310411,s1-eth3,34418.00,866774.00,901192.00,866774,34418,467.00,581.00,1048.00,581,467,0.00,0.00,0,0
1506310411,eth0,581.00,174.00,755.00,174,581,5.00,1.00,6.00,1,5,0.00,0.00,0,0
1506310411,s3-eth1,578798.00,20022.00,598820.00,20022,578798,387.00,281.00,668.00,281,387,0.00,0.00,0,0
1506310411,s2-eth3,20022.00,578798.00,598820.00,578798,20022,281.00,387.00,668.00,387,281,0.00,0.00,0,0
1506310411,total,3172603.00,3140822.00,6313425.00,3140822,3172603,3676.00,3370.00,7046.00,3370,3676,0.00,0.00,0,0
1506310412,s3-eth2,14408.00,297524.00,311932.00,297524,14408,196.00,142.00,338.00,142,196,0.00,0.00,0,0
1506310412,s1-eth1,1249968.00,49776.00,1299744.00,49776,1249968,834.00,680.00,1514.00,680,834,0.00,0.00,0,0
1506310412,s4-eth1,295434.00,13366.00,308800.00,13366,295434,197.00,173.00,370.00,173,197,0.00,0.00,0,0
1506310412,s2-eth1,963516.00,36714.00,1000230.00,36714,963516,642.00,511.00,1153.00,511,642,0.00,0.00,0,0
1506310412,s3-eth3,13366.00,295434.00,308800.00,295434,13366,173.00,197.00,370.00,197,173,0.00,0.00,0,0
1506310412,s1-eth2,14067.93,265072.94,279140.88,265338,14082,178.82,136.86,315.68,137,179,0.00,0.00,0,0
1506310412,lo,9118.88,9118.88,18237.76,9128,9128,61.94,61.94,123.88,62,62,0.00,0.00,0,0
1506310412,s4-eth2,13622.38,288745.25,302367.62,289034,13636,175.82,144.86,320.68,145,176,0.00,0.00,0,0
1506310412,s2-eth2,10903.10,362123.88,373026.97,362486,10914,160.84,138.86,299.70,139,161,0.00,0.00,0,0
1506310412,s1-eth3,36611.39,962553.50,999164.88,963516,36648,509.49,641.36,1150.85,642,510,0.00,0.00,0,0
1506310412,eth0,367.63,311.69,679.32,312,368,4.00,4.00,7.99,4,4,0.00,0.00,0,0
1506310412,s3-eth1,596327.69,26727.27,623054.94,26754,596924,397.60,358.64,756.24,359,398,0.00,0.00,0,0
1506310412,s2-eth3,26727.27,596327.69,623054.94,596924,26754,358.64,397.60,756.24,398,359,0.00,0.00,0,0
1506310412,total,3241904.25,3203103.00,6445007.00,3206306,3245146,3887.11,3585.41,7472.53,3589,3891,0.00,0.00,0,0
1506310413,s3-eth2,6811.19,273876.12,280687.31,274150,6818,94.91,94.91,189.81,95,95,0.00,0.00,0,0
1506310413,s1-eth1,1226436.62,29406.59,1255843.25,29436,1227663,819.18,445.55,1264.74,446,820,0.00,0.00,0,0
1506310413,s4-eth1,319337.66,9839.16,329176.84,9849,319657,211.79,142.86,354.65,143,212,0.00,0.00,0,0
1506310413,s2-eth1,991287.75,23807.19,1015094.94,23831,992279,657.34,358.64,1015.98,359,658,0.00,0.00,0,0
1506310413,s3-eth3,9839.16,319337.66,329176.84,319657,9849,142.86,211.79,354.65,212,143,0.00,0.00,0,0
1506310413,s1-eth2,6679.32,272363.66,279042.97,272636,6686,92.91,93.91,186.81,94,93,0.00,0.00,0,0
1506310413,lo,7240.76,7240.76,14481.52,7248,7248,35.96,35.96,71.93,36,36,0.00,0.00,0,0
1506310413,s4-eth2,10041.96,313068.94,323110.91,313382,10052,143.86,118.88,262.74,119,144,0.00,0.00,0,0
1506310413,s2-eth2,9184.82,383360.66,392545.47,383744,9194,130.87,131.87,262.74,132,131,0.00,0.00,0,0
1506310413,s1-eth3,23807.19,991287.75,1015094.94,992279,23831,358.64,657.34,1015.98,658,359,0.00,0.00,0,0
1506310413,eth0,0.00,311.69,311.69,312,0,0.00,4.00,4.00,4,0,0.00,0.00,0,0
1506310413,s3-eth1,599350.69,15636.36,614987.00,15652,599950,397.60,232.77,630.37,233,398,0.00,0.00,0,0
1506310413,s2-eth3,15636.36,599350.69,614987.00,599950,15652,232.77,397.60,630.37,398,233,0.00,0.00,0,0
1506310413,total,3225653.50,3238887.25,6464540.50,3242126,3228879,3318.68,2926.07,6244.76,2929,3322,0.00,0.00,0,0
1506310414,s3-eth2,8745.25,236463.55,245208.80,236700,8754,118.88,97.90,216.78,98,119,0.00,0.00,0,0
1506310414,s1-eth1,1249517.50,39260.74,1288778.25,39300,1250767,826.17,545.45,1371.63,546,827,0.00,0.00,0,0
1506310414,s4-eth1,331438.56,11112.89,342551.47,11124,331770,220.78,153.85,374.63,154,221,0.00,0.00,0,0
1506310414,s2-eth1,915666.38,31282.72,946949.06,31314,916582,610.39,432.57,1042.96,433,611,0.00,0.00,0,0
1506310414,s3-eth3,11112.89,331438.56,342551.47,331770,11124,153.85,220.78,374.63,221,154,0.00,0.00,0,0
1506310414,s1-eth2,8931.07,246853.16,255784.22,247100,8940,121.88,101.90,223.78,102,122,0.00,0.00,0,0
1506310414,lo,9118.88,9118.88,18237.76,9128,9128,61.94,61.94,123.88,62,62,0.00,0.00,0,0
1506310414,s4-eth2,11305.39,326684.62,337990.03,327338,11328,155.69,132.73,288.42,133,156,0.00,0.00,0,0
1506310414,s2-eth2,13528.47,338653.34,352181.81,338992,13542,180.82,155.84,336.66,156,181,0.00,0.00,0,0
1506310414,s1-eth3,31348.65,915666.38,947015.00,916582,31380,433.57,610.39,1043.96,611,434,0.00,0.00,0,0
1506310414,eth0,367.63,258.74,626.37,259,368,4.00,3.00,6.99,3,4,0.00,0.00,0,0
1506310414,s3-eth1,572127.88,18839.16,590967.06,18858,572700,381.62,262.74,644.36,263,382,0.00,0.00,0,0
1506310414,s2-eth3,18839.16,573640.38,592479.56,574214,18858,262.74,382.62,645.35,383,263,0.00,0.00,0,0
1506310414,total,3182059.00,3079599.50,6261658.50,3082679,3185241,3532.47,3161.84,6694.31,3165,3536,0.00,0.00,0,0
1506310415,s3-eth2,6329.67,275520.50,281850.16,275796,6336,95.90,97.90,193.81,98,96,0.00,0.00,0,0
1506310415,s1-eth1,1242567.50,29484.52,1272052.00,29514,1243810,828.17,444.56,1272.73,445,829,0.00,0.00,0,0
1506310415,s4-eth1,331234.78,7618.38,338853.16,7626,331566,218.78,114.89,333.67,115,219,0.00,0.00,0,0
1506310415,s2-eth1,1011854.19,23286.71,1035140.88,23310,1012866,668.33,350.65,1018.98,351,669,0.00,0.00,0,0
1506310415,s3-eth3,7618.38,331234.78,338853.16,331566,7626,114.89,218.78,333.67,219,115,0.00,0.00,0,0
1506310415,s1-eth2,6257.49,272487.03,278744.53,273032,6270,94.81,99.80,194.61,100,95,0.00,0.00,0,0
1506310415,lo,0.00,0.00,0.00,0,0,0.00,0.00,0.00,0,0,0.00,0.00,0,0
1506310415,s4-eth2,7610.78,322608.78,330219.56,323254,7626,114.77,114.77,229.54,115,115,0.00,0.00,0,0
1506310415,s2-eth2,9263.47,390928.16,400191.62,391710,9282,138.72,142.71,281.44,143,139,0.00,0.00,0,0
1506310415,s1-eth3,23197.61,1012355.31,1035552.94,1014380,23244,349.30,668.66,1017.96,670,350,0.00,0.00,0,0
1506310415,eth0,0.00,41.92,41.92,42,0,0.00,1.00,1.00,1,0,0.00,0.00,0,0
1506310415,s3-eth1,611946.12,14000.00,625946.12,14028,613170,404.19,211.58,615.77,212,405,0.00,0.00,0,0
1506310415,s2-eth3,14000.00,610435.12,624435.12,611656,14028,211.58,403.19,614.77,404,212,0.00,0.00,0,0
1506310415,total,3269285.50,3289335.50,6558621.00,3295914,3275824,3237.53,2867.27,6104.79,2873,3244,0.00,0.00,0,0
1506310416,s3-eth2,6059.88,278004.00,284063.88,278560,6072,91.82,95.81,187.62,96,92,0.00,0.00,0,0
1506310416,s1-eth1,1245046.00,27401.20,1272447.12,27456,1247536,822.36,415.17,1237.52,416,824,0.00,0.00,0,0
1506310416,s4-eth1,309750.50,6718.56,316469.06,6732,310370,204.59,101.80,306.39,102,205,0.00,0.00,0,0
1506310416,s2-eth1,989690.62,21209.58,1010900.25,21252,991670,653.69,321.36,975.05,322,655,0.00,0.00,0,0
1506310416,s3-eth3,6718.56,309750.50,316469.06,310370,6732,101.80,204.59,306.39,205,102,0.00,0.00,0,0
1506310416,s1-eth2,6131.87,284199.81,290331.69,284484,6138,92.91,97.90,190.81,98,93,0.00,0.00,0,0
1506310416,lo,0.00,0.00,0.00,0,0,0.00,0.00,0.00,0,0,0.00,0.00,0,0
1506310416,s4-eth2,6725.27,306425.59,313150.84,306732,6732,101.90,105.89,207.79,106,102,0.00,0.00,0,0
1506310416,s2-eth2,8439.56,384873.12,393312.69,385258,8448,127.87,132.87,260.74,133,128,0.00,0.00,0,0
1506310416,s1-eth3,21230.77,989166.88,1010397.62,990156,21252,321.68,653.35,975.03,654,322,0.00,0.00,0,0
1506310416,eth0,0.00,0.00,0.00,0,0,0.00,0.00,0.00,0,0,0.00,0.00,0,0
1506310416,s3-eth1,595002.00,12738.00,607740.00,12738,595002,393.00,193.00,586.00,193,393,0.00,0.00,0,0
1506310416,s2-eth3,12738.00,595002.00,607740.00,595002,12738,193.00,393.00,586.00,393,193,0.00,0.00,0,0
1506310416,total,3212690.00,3218740.00,6431430.00,3218740,3212690,3109.00,2718.00,5827.00,2718,3109,0.00,0.00,0,0
1506310417,s3-eth2,6546.00,285998.00,292544.00,285998,6546,99.00,99.00,198.00,99,99,0.00,0.00,0,0
1506310417,s1-eth1,1249190.00,27262.00,1276452.00,27262,1249190,827.00,413.00,1240.00,413,827,0.00,0.00,0,0
1506310417,s4-eth1,293786.00,6542.00,300328.00,6542,293786,195.00,99.00,294.00,99,195,0.00,0.00,0,0
1506310417,s2-eth1,967516.00,21124.00,988640.00,21124,967516,640.00,320.00,960.00,320,640,0.00,0.00,0,0
1506310417,s3-eth3,6542.00,293786.00,300328.00,293786,6542,99.00,195.00,294.00,195,99,0.00,0.00,0,0
1506310417,s1-eth2,6344.00,278560.00,284904.00,278560,6344,96.00,96.00,192.00,96,96,0.00,0.00,0,0
1506310417,lo,3380.00,3380.00,6760.00,3380,3380,30.00,30.00,60.00,30,30,0.00,0.00,0,0
1506310417,s4-eth2,6542.00,284554.00,291096.00,284554,6542,99.00,99.00,198.00,99,99,0.00,0.00,0,0
1506310417,s2-eth2,8456.00,376372.00,384828.00,376372,8456,128.00,130.00,258.00,130,128,0.00,0.00,0,0
1506310417,s1-eth3,21124.00,967516.00,988640.00,967516,21124,320.00,640.00,960.00,640,320,0.00,0.00,0,0
1506310417,eth0,0.00,227.00,227.00,227,0,0.00,3.00,3.00,3,0,0.00,0.00,0,0
1506310417,s3-eth1,582960.00,12944.00,595904.00,12944,582960,386.00,196.00,582.00,196,386,0.00,0.00,0,0
1506310417,s2-eth3,12944.00,582960.00,595904.00,582960,12944,196.00,386.00,582.00,386,196,0.00,0.00,0,0
1506310417,total,3165330.00,3141225.00,6306555.00,3141225,3165330,3115.00,2706.00,5821.00,2706,3115,0.00,0.00,0,0
1506310418,s3-eth2,6550.00,281522.00,288072.00,281522,6550,99.00,97.00,196.00,97,99,0.00,0.00,0,0
1506310418,s1-eth1,1246092.00,27126.00,1273218.00,27126,1246092,824.00,411.00,1235.00,411,824,0.00,0.00,0,0
1506310418,s4-eth1,292272.00,6612.00,298884.00,6612,292272,194.00,100.00,294.00,100,194,0.00,0.00,0,0
1506310418,s2-eth1,963044.00,20996.00,984040.00,20996,963044,638.00,318.00,956.00,318,638,0.00,0.00,0,0
1506310418,s3-eth3,6612.00,292272.00,298884.00,292272,6612,100.00,194.00,294.00,194,100,0.00,0.00,0,0
1506310418,s1-eth2,6407.59,278351.66,284759.25,278630,6414,96.90,96.90,193.81,97,97,0.00,0.00,0,0
1506310418,lo,4733.27,4733.27,9466.53,4738,4738,44.96,44.96,89.91,45,45,0.00,0.00,0,0
1506310418,s4-eth2,6675.32,285712.28,292387.62,285998,6682,100.90,98.90,199.80,99,101,0.00,0.00,0,0
1506310418,s2-eth2,8591.41,371524.50,380115.91,371896,8600,129.87,127.87,257.74,128,130,0.00,0.00,0,0
1506310418,s1-eth3,21040.96,962081.94,983122.88,963044,21062,318.68,637.36,956.04,638,319,0.00,0.00,0,0
1506310418,eth0,0.00,41.96,41.96,42,0,0.00,1.00,1.00,1,0,0.00,0.00,0,0
1506310418,s3-eth1,582447.56,12733.27,595180.81,12746,583030,386.61,192.81,579.42,193,387,0.00,0.00,0,0
1506310418,s2-eth3,12733.27,582447.56,595180.81,583030,12746,192.81,386.61,579.42,387,193,0.00,0.00,0,0
1506310418,total,3154687.50,3125526.50,6280214.00,3128652,3157842,3123.88,2705.29,5829.17,2708,3127,0.00,0.00,0,0
1506310419,s3-eth2,5802.20,260597.41,266399.59,260858,5808,87.91,90.91,178.82,91,88,0.00,0.00,0,0
1506310419,s1-eth1,1242032.00,27164.84,1269196.88,27192,1243274,824.18,411.59,1235.76,412,825,0.00,0.00,0,0
1506310419,s4-eth1,302497.50,6465.53,308963.03,6472,302800,199.80,97.90,297.70,98,200,0.00,0.00,0,0
1506310419,s2-eth1,956032.00,20703.30,976735.31,20724,956988,633.37,313.69,947.05,314,634,0.00,0.00,0,0
1506310419,s3-eth3,6465.53,302497.50,308963.03,302800,6472,97.90,199.80,297.70,200,98,0.00,0.00,0,0
1506310419,s1-eth2,6601.40,290117.88,296719.28,290408,6608,99.90,99.90,199.80,100,100,0.00,0.00,0,0
1506310419,lo,1688.31,1688.31,3376.62,1690,1690,14.99,14.99,29.97,15,15,0.00,0.00,0,0
1506310419,s4-eth2,6465.53,296035.97,302501.50,296332,6472,97.90,101.90,199.80,102,98,0.00,0.00,0,0
1506310419,s2-eth2,8575.42,381914.09,390489.53,382296,8584,129.87,131.87,261.74,132,130,0.00,0.00,0,0
1506310419,s1-eth3,20637.36,956032.00,976669.38,956988,20658,312.69,633.37,946.05,634,313,0.00,0.00,0,0
1506310419,eth0,0.00,0.00,0.00,0,0,0.00,0.00,0.00,0,0,0.00,0.00,0,0
1506310419,s3-eth1,568765.25,12197.80,580963.06,12210,569334,376.62,184.82,561.44,185,377,0.00,0.00,0,0
1506310419,s2-eth3,12197.80,568765.25,580963.06,569334,12210,184.82,376.62,561.44,377,185,0.00,0.00,0,0
1506310419,total,3137760.25,3124180.00,6261940.00,3127304,3140898,3059.94,2657.34,5717.28,2660,3063,0.00,0.00,0,0
1506310420,s3-eth2,9090.91,257704.30,266795.22,257962,9100,127.87,112.89,240.76,113,128,0.00,0.00,0,0
1506310420,s1-eth1,1243334.75,37042.96,1280377.62,37080,1244578,822.18,521.48,1343.66,522,823,0.00,0.00,0,0
1506310420,s4-eth1,340309.69,7322.68,347632.38,7330,340650,224.78,110.89,335.66,111,225,0.00,0.00,0,0
1506310420,s2-eth1,946887.12,28729.27,975616.44,28758,947834,626.37,404.60,1030.97,405,627,0.00,0.00,0,0
1506310420,s3-eth3,7322.68,340309.69,347632.38,340650,7330,110.89,224.78,335.66,225,111,0.00,0.00,0,0
1506310420,s1-eth2,8595.00,244336.00,252931.00,244336,8595,119.00,104.00,223.00,104,119,0.00,0.00,0,0
1506310420,lo,3531.00,3531.00,7062.00,3531,3531,31.00,31.00,62.00,31,31,0.00,0.00,0,0
1506310420,s4-eth2,7264.00,333390.00,340654.00,333390,7264,110.00,115.00,225.00,115,110,0.00,0.00,0,0
1506310420,s2-eth2,12468.00,344524.00,356992.00,344524,12468,168.00,152.00,320.00,152,168,0.00,0.00,0,0
1506310420,s1-eth3,28758.00,947834.00,976592.00,947834,28758,405.00,627.00,1032.00,627,405,0.00,0.00,0,0
1506310420,eth0,0.00,0.00,0.00,0,0,0.00,0.00,0.00,0,0,0.00,0.00,0,0
1506310420,s3-eth1,598030.00,16360.00,614390.00,16360,598030,395.00,238.00,633.00,238,395,0.00,0.00,0,0
1506310420,s2-eth3,16360.00,598030.00,614390.00,598030,16360,238.00,395.00,633.00,395,238,0.00,0.00,0,0
1506310420,total,3224498.00,3159785.00,6384283.00,3159785,3224498,3380.00,3038.00,6418.00,3038,3380,0.00,0.00,0,0
1506310421,s3-eth2,6224.00,254864.00,261088.00,254864,6224,86.00,88.00,174.00,88,86,0.00,0.00,0,0
1506310421,s1-eth1,1248145.00,27732.00,1275877.00,27732,1248145,827.00,420.00,1247.00,420,827,0.00,0.00,0,0
1506310421,s4-eth1,427151.00,10059.00,437210.00,10059,427151,283.00,146.00,429.00,146,283,0.00,0.00,0,0
1506310421,s2-eth1,1042241.00,22391.00,1064632.00,22391,1042241,691.00,337.00,1028.00,337,691,0.00,0.00,0,0
1506310421,s3-eth3,10059.00,427151.00,437210.00,427151,10059,146.00,283.00,429.00,283,146,0.00,0.00,0,0
1506310421,s1-eth2,6153.00,263750.00,269903.00,263750,6153,87.00,91.00,178.00,91,87,0.00,0.00,0,0
1506310421,lo,7248.00,7248.00,14496.00,7248,7248,36.00,36.00,72.00,36,36,0.00,0.00,0,0
1506310421,s4-eth2,10262.00,418038.00,428300.00,418038,10262,147.00,147.00,294.00,147,147,0.00,0.00,0,0
1506310421,s2-eth2,8072.00,342276.00,350348.00,342276,8072,114.00,118.00,232.00,118,114,0.00,0.00,0,0
1506310421,s1-eth3,22391.00,1042241.00,1064632.00,1042241,22391,337.00,691.00,1028.00,691,337,0.00,0.00,0,0
1506310421,eth0,0.00,0.00,0.00,0,0,0.00,0.00,0.00,0,0,0.00,0.00,0,0
1506310421,s3-eth1,690790.00,15268.00,706058.00,15268,690790,458.00,227.00,685.00,227,458,0.00,0.00,0,0
1506310421,s2-eth3,15268.00,690790.00,706058.00,690790,15268,227.00,458.00,685.00,458,227,0.00,0.00,0,0
1506310421,total,3494004.00,3521808.00,7015812.00,3521808,3494004,3439.00,3042.00,6481.00,3042,3439,0.00,0.00,0,0
1506310422,s3-eth2,8775.22,263358.66,272133.88,263622,8784,123.88,110.89,234.77,111,124,0.00,0.00,0,0
1506310422,s1-eth1,1243467.62,45936.07,1289403.62,45982,1244711,822.18,622.38,1444.56,623,823,0.00,0.00,0,0
1506310422,s4-eth1,420471.53,16171.83,436643.38,16188,420892,277.72,229.77,507.49,230,278,0.00,0.00,0,0
1506310422,s2-eth1,989166.88,36499.50,1025666.38,36536,990156,653.35,499.50,1152.85,500,654,0.00,0.00,0,0
1506310422,s3-eth3,16171.83,420471.53,436643.38,420892,16188,229.77,277.72,507.49,278,230,0.00,0.00,0,0
1506310422,s1-eth2,9502.50,186031.97,195534.47,186218,9512,123.88,100.90,224.78,101,124,0.00,0.00,0,0
1506310422,lo,98951.05,98951.05,197902.11,99050,99050,42.96,42.96,85.91,43,43,0.00,0.00,0,0
1506310422,s4-eth2,16237.76,417232.78,433470.53,417650,16254,230.77,184.82,415.58,185,231,0.00,0.00,0,0
1506310422,s2-eth2,11618.38,299790.22,311408.59,300090,11630,146.85,136.86,283.72,137,147,0.00,0.00,0,0
1506310422,s1-eth3,36499.50,989166.88,1025666.38,990156,36536,499.50,653.35,1152.85,654,500,0.00,0.00,0,0
1506310422,eth0,0.00,0.00,0.00,0,0,0.00,0.00,0.00,0,0,0.00,0.00,0,0
1506310422,s3-eth1,689694.31,24947.05,714641.38,24972,690384,455.54,353.65,809.19,354,456,0.00,0.00,0,0
1506310422,s2-eth3,24947.05,689694.31,714641.38,690384,24972,353.65,455.54,809.19,456,354,0.00,0.00,0,0
1506310422,total,3565503.50,3488251.75,7053755.50,3491740,3569069,3960.04,3668.33,7628.37,3672,3964,0.00,0.00,0,0
1506310423,s3-eth2,5946.05,265064.94,271011.00,265330,5952,89.91,92.91,182.82,93,90,0.00,0.00,0,0
1506310423,s1-eth1,1246289.75,27374.63,1273664.38,27402,1247536,823.18,414.59,1237.76,415,824,0.00,0.00,0,0
1506310423,s4-eth1,471896.12,9956.04,481852.16,9966,472368,311.69,150.85,462.54,151,312,0.00,0.00,0,0
1506310423,s2-eth1,1099578.50,23550.45,1123128.88,23574,1100678,726.27,356.64,1082.92,357,727,0.00,0.00,0,0
1506310423,s3-eth3,9956.04,471896.12,481852.16,472368,9966,150.85,311.69,462.54,312,151,0.00,0.00,0,0
1506310423,s1-eth2,3758.24,179120.89,182879.12,179300,3762,56.94,61.94,118.88,62,57,0.00,0.00,0,0
1506310423,lo,0.00,0.00,0.00,0,0,0.00,0.00,0.00,0,0,0.00,0.00,0,0
1506310423,s4-eth2,9956.04,458849.16,468805.22,459308,9966,150.85,157.84,308.69,158,151,0.00,0.00,0,0
1506310423,s2-eth2,7582.42,346405.59,353988.03,346752,7590,114.89,119.88,234.77,120,115,0.00,0.00,0,0
1506310423,s1-eth3,23574.00,1100678.00,1124252.00,1100678,23574,357.00,727.00,1084.00,727,357,0.00,0.00,0,0
1506310423,eth0,0.00,84.00,84.00,84,0,0.00,2.00,2.00,2,0,0.00,0.00,0,0
1506310423,s3-eth1,740346.00,15918.00,756264.00,15918,740346,489.00,241.00,730.00,241,489,0.00,0.00,0,0
1506310423,s2-eth3,15918.00,740346.00,756264.00,740346,15918,241.00,489.00,730.00,489,241,0.00,0.00,0,0
1506310423,total,3637656.00,3641026.00,7278682.00,3641026,3637656,3514.00,3127.00,6641.00,3127,3514,0.00,0.00,0,0
1506310424,s3-eth2,6072.00,257892.00,263964.00,257892,6072,92.00,90.00,182.00,90,92,0.00,0.00,0,0
1506310424,s1-eth1,1244508.00,27996.00,1272504.00,27996,1244508,822.00,424.00,1246.00,424,822,0.00,0.00,0,0
1506310424,s4-eth1,499620.00,11232.00,510852.00,11232,499620,330.00,170.00,500.00,170,330,0.00,0.00,0,0
1506310424,s2-eth1,1087052.00,24234.00,1111286.00,24234,1087052,718.00,367.00,1085.00,367,718,0.00,0.00,0,0
1506310424,s3-eth3,11232.00,499620.00,510852.00,499620,11232,170.00,330.00,500.00,330,170,0.00,0.00,0,0
1506310424,s1-eth2,3828.00,168900.00,172728.00,168900,3828,58.00,58.00,116.00,58,58,0.00,0.00,0,0
1506310424,lo,0.00,0.00,0.00,0,0,0.00,0.00,0.00,0,0,0.00,0.00,0,0
1506310424,s4-eth2,11232.00,492088.00,503320.00,492088,11232,170.00,172.00,342.00,172,170,0.00,0.00,0,0
1506310424,s2-eth2,6996.00,317066.00,324062.00,317066,6996,106.00,109.00,215.00,109,106,0.00,0.00,0,0
1506310424,s1-eth3,24234.00,1087052.00,1111286.00,1087052,24234,367.00,718.00,1085.00,718,367,0.00,0.00,0,0
1506310424,eth0,0.00,42.00,42.00,42,0,0.00,1.00,1.00,1,0,0.00,0.00,0,0
1506310424,s3-eth1,766084.00,17304.00,783388.00,17304,766084,506.00,262.00,768.00,262,506,0.00,0.00,0,0
1506310424,s2-eth3,17304.00,766084.00,783388.00,766084,17304,262.00,506.00,768.00,506,262,0.00,0.00,0,0
1506310424,total,3678162.00,3669510.00,7347672.00,3669510,3678162,3601.00,3207.00,6808.00,3207,3601,0.00,0.00,0,0
1506310425,s3-eth2,5538.46,251650.36,257188.81,251902,5544,83.92,86.91,170.83,87,84,0.00,0.00,0,0
1506310425,s1-eth1,1246289.75,27098.90,1273388.62,27126,1247536,823.18,410.59,1233.77,411,824,0.00,0.00,0,0
1506310425,s4-eth1,491558.47,10615.38,502173.84,10626,492050,324.68,160.84,485.51,161,325,0.00,0.00,0,0
1506310425,s2-eth1,1075378.62,23340.66,1098719.25,23364,1076454,710.29,353.65,1063.94,354,711,0.00,0.00,0,0
1506310425,s3-eth3,10615.38,491558.47,502173.84,492050,10626,160.84,324.68,485.51,325,161,0.00,0.00,0,0
1506310425,s1-eth2,3758.24,173202.80,176961.05,173376,3762,56.94,59.94,116.88,60,57,0.00,0.00,0,0
1506310425,lo,0.00,0.00,0.00,0,0,0.00,0.00,0.00,0,0,0.00,0.00,0,0
1506310425,s4-eth2,10615.38,478115.91,488731.28,478594,10626,160.84,164.84,325.67,165,161,0.00,0.00,0,0
1506310425,s2-eth2,7120.88,319774.25,326895.12,320094,7128,107.89,110.89,218.78,111,108,0.00,0.00,0,0
1506310425,s1-eth3,23340.66,1075378.62,1098719.25,1076454,23364,353.65,710.29,1063.94,711,354,0.00,0.00,0,0
1506310425,eth0,0.00,0.00,0.00,0,0,0.00,0.00,0.00,0,0,0.00,0.00,0,0
1506310425,s3-eth1,748681.31,16219.78,764901.12,16236,749430,494.51,245.75,740.26,246,495,0.00,0.00,0,0
1506310425,s2-eth3,16219.78,748681.31,764901.12,749430,16236,245.75,494.51,740.26,495,246,0.00,0.00,0,0
1506310425,total,3639117.00,3615636.50,7254753.50,3619252,3642756,3522.48,3122.88,6645.35,3126,3526,0.00,0.00,0,0
1506310426,s3-eth2,5670.33,254609.39,260279.73,254864,5676,85.91,87.91,173.83,88,86,0.00,0.00,0,0
1506310426,s1-eth1,1244777.25,27230.77,1272008.00,27258,1246022,822.18,412.59,1234.77,413,823,0.00,0.00,0,0
1506310426,s4-eth1,482483.53,10483.52,492967.03,10494,482966,318.68,158.84,477.52,159,319,0.00,0.00,0,0
1506310426,s2-eth1,1064791.25,23208.79,1088000.00,23232,1065856,703.30,351.65,1054.95,352,704,0.00,0.00,0,0
1506310426,s3-eth3,10483.52,482483.53,492967.03,482966,10494,158.84,318.68,477.52,319,159,0.00,0.00,0,0
1506310426,s1-eth2,3956.04,182079.92,186035.97,182262,3960,59.94,62.94,122.88,63,60,0.00,0.00,0,0
1506310426,lo,687.31,687.31,1374.63,688,688,11.99,11.99,23.98,12,12,0.00,0.00,0,0
1506310426,s4-eth2,10483.52,472197.81,482681.34,472670,10494,158.84,162.84,321.68,163,159,0.00,0.00,0,0
1506310426,s2-eth2,7120.88,319708.31,326829.19,320028,7128,107.89,109.89,217.78,110,108,0.00,0.00,0,0
1506310426,s1-eth3,23274.73,1066303.75,1089578.50,1067370,23298,352.65,704.30,1056.94,705,353,0.00,0.00,0,0
1506310426,eth0,0.00,0.00,0.00,0,0,0.00,0.00,0.00,0,0,0.00,0.00,0,0
1506310426,s3-eth1,742631.38,16087.91,758719.31,16104,743374,490.51,243.76,734.27,244,491,0.00,0.00,0,0
1506310426,s2-eth3,16087.91,742631.38,758719.31,743374,16104,243.76,490.51,734.27,491,244,0.00,0.00,0,0
1506310426,total,3612447.75,3597712.50,7210160.00,3601310,3616060,3514.49,3115.88,6630.37,3119,3518,0.00,0.00,0,0
1506310427,s3-eth2,5670.33,261974.03,267644.38,262236,5676,85.91,89.91,175.82,90,86,0.00,0.00,0,0
1506310427,s1-eth1,1244777.25,27230.77,1272008.00,27258,1246022,822.18,412.59,1234.77,413,823,0.00,0.00,0,0
1506310427,s4-eth1,467358.66,10219.78,477578.44,10230,467826,308.69,154.85,463.54,155,309,0.00,0.00,0,0
1506310427,s2-eth1,1066303.75,23010.99,1089314.75,23034,1067370,704.30,348.65,1052.95,349,705,0.00,0.00,0,0
1506310427,s3-eth3,10219.78,467358.66,477578.44,467826,10230,154.85,308.69,463.54,309,155,0.00,0.00,0,0
1506310427,s1-eth2,4219.78,193916.09,198135.88,194110,4224,63.94,66.93,130.87,67,64,0.00,0.00,0,0
1506310427,lo,0.00,0.00,0.00,0,0,0.00,0.00,0.00,0,0,0.00,0.00,0,0
1506310427,s4-eth2,10219.78,457402.62,467622.38,457860,10230,154.85,157.84,312.69,158,155,0.00,0.00,0,0
1506310427,s2-eth2,7054.95,321220.78,328275.72,321542,7062,106.89,110.89,217.78,111,107,0.00,0.00,0,0
1506310427,s1-eth3,22945.05,1064791.25,1087736.25,1065856,22968,347.65,703.30,1050.95,704,348,0.00,0.00,0,0
1506310427,eth0,0.00,0.00,0.00,0,0,0.00,0.00,0.00,0,0,0.00,0.00,0,0
1506310427,s3-eth1,732044.00,15890.11,747934.06,15906,732776,483.52,240.76,724.28,241,484,0.00,0.00,0,0
1506310427,s2-eth3,15890.11,732044.00,747934.06,732776,15906,240.76,483.52,724.28,484,241,0.00,0.00,0,0
1506310427,total,3586703.50,3575059.00,7161762.50,3578634,3590290,3473.53,3077.92,6551.45,3081,3477,0.00,0.00,0,0
1506310428,s3-eth2,8613.39,244289.72,252903.11,244534,8622,120.88,106.89,227.77,107,121,0.00,0.00,0,0
1506310428,s1-eth1,1240239.75,38271.73,1278511.50,38310,1241480,819.18,524.48,1343.66,525,820,0.00,0.00,0,0
1506310428,s4-eth1,500633.38,10879.12,511512.50,10890,501134,330.67,164.84,495.50,165,331,0.00,0.00,0,0
1506310428,s2-eth1,1025466.56,31450.55,1056917.12,31482,1026492,677.32,432.57,1109.89,433,678,0.00,0.00,0,0
1506310428,s3-eth3,10879.12,500633.38,511512.50,501134,10890,164.84,330.67,495.50,331,165,0.00,0.00,0,0
1506310428,s1-eth2,6828.00,188124.00,194952.00,188124,6828,92.00,86.00,178.00,86,92,0.00,0.00,0,0
1506310428,lo,0.00,0.00,0.00,0,0,0.00,0.00,0.00,0,0,0.00,0.00,0,0
1506310428,s4-eth2,10824.00,490442.00,501266.00,490442,10824,164.00,169.00,333.00,169,164,0.00,0.00,0,0
1506310428,s2-eth2,12036.00,270998.00,283034.00,270998,12036,148.00,135.00,283.00,135,148,0.00,0.00,0,0
1506310428,s1-eth3,31482.00,1026492.00,1057974.00,1026492,31482,433.00,678.00,1111.00,678,433,0.00,0.00,0,0
1506310428,eth0,0.00,0.00,0.00,0,0,0.00,0.00,0.00,0,0,0.00,0.00,0,0
1506310428,s3-eth1,752458.00,19512.00,771970.00,19512,752458,497.00,286.00,783.00,286,497,0.00,0.00,0,0
1506310428,s2-eth3,19512.00,752458.00,771970.00,752458,19512,286.00,497.00,783.00,497,286,0.00,0.00,0,0
1506310428,total,3621758.00,3574376.00,7196134.00,3574376,3621758,3735.00,3412.00,7147.00,3412,3735,0.00,0.00,0,0
1506310429,s3-eth2,5478.00,254864.00,260342.00,254864,5478,83.00,88.00,171.00,88,83,0.00,0.00,0,0
1506310429,s1-eth1,1252078.00,28684.00,1280762.00,28684,1252078,827.00,428.00,1255.00,428,827,0.00,0.00,0,0
1506310429,s4-eth1,542012.00,11418.00,553430.00,11418,542012,358.00,173.00,531.00,173,358,0.00,0.00,0,0
1506310429,s2-eth1,1088566.00,24460.00,1113026.00,24460,1088566,719.00,364.00,1083.00,364,719,0.00,0.00,0,0
1506310429,s3-eth3,11418.00,542012.00,553430.00,542012,11418,173.00,358.00,531.00,358,173,0.00,0.00,0,0
1506310429,s1-eth2,4224.00,200034.00,204258.00,200034,4224,64.00,69.00,133.00,69,64,0.00,0.00,0,0
1506310429,lo,0.00,0.00,0.00,0,0,0.00,0.00,0.00,0,0,0.00,0.00,0,0
1506310429,s4-eth2,11484.00,533424.00,544908.00,533424,11484,174.00,184.00,358.00,184,174,0.00,0.00,0,0
1506310429,s2-eth2,7564.00,280602.00,288166.00,280602,7564,108.00,105.00,213.00,105,108,0.00,0.00,0,0
1506310429,s1-eth3,24526.00,1088566.00,1113092.00,1088566,24526,365.00,719.00,1084.00,719,365,0.00,0.00,0,0
1506310429,eth0,0.00,0.00,0.00,0,0,0.00,0.00,0.00,0,0,0.00,0.00,0,0
1506310429,s3-eth1,801618.38,16879.12,818497.50,16896,802420,529.47,255.74,785.21,256,530,0.00,0.00,0,0
1506310429,s2-eth3,16879.12,801618.38,818497.50,802420,16896,255.74,529.47,785.21,530,256,0.00,0.00,0,0
1506310429,total,3762903.25,3779600.50,7542503.50,3783380,3766666,3653.35,3270.73,6924.08,3274,3657,0.00,0.00,0,0
1506310430,s3-eth2,8662.00,225578.00,234240.00,225578,8662,117.00,105.00,222.00,105,117,0.00,0.00,0,0
1506310430,s1-eth1,1242994.00,41866.00,1284860.00,41866,1242994,821.00,573.00,1394.00,573,821,0.00,0.00,0,0
1506310430,s4-eth1,519302.00,16932.00,536234.00,16932,519302,343.00,238.00,581.00,238,343,0.00,0.00,0,0
1506310430,s2-eth1,1006810.00,34624.00,1041434.00,34624,1006810,665.00,474.00,1139.00,474,665,0.00,0.00,0,0
1506310430,s3-eth3,16932.00,519302.00,536234.00,519302,16932,238.00,343.00,581.00,343,238,0.00,0.00,0,0
1506310430,s1-eth2,7308.00,180620.00,187928.00,180620,7308,100.00,82.00,182.00,82,100,0.00,0.00,0,0
1506310430,lo,0.00,0.00,0.00,0,0,0.00,0.00,0.00,0,0,0.00,0.00,0,0
1506310430,s4-eth2,16932.00,507760.00,524692.00,507760,16932,238.00,212.00,450.00,212,238,0.00,0.00,0,0
1506310430,s2-eth2,8964.00,256580.00,265544.00,256580,8964,118.00,114.00,232.00,114,118,0.00,0.00,0,0
1506310430,s1-eth3,34558.00,1006810.00,1041368.00,1006810,34558,473.00,665.00,1138.00,665,473,0.00,0.00,0,0
1506310430,eth0,0.00,0.00,0.00,0,0,0.00,0.00,0.00,0,0,0.00,0.00,0,0
1506310430,s3-eth1,744888.00,25660.00,770548.00,25660,744888,492.00,356.00,848.00,356,492,0.00,0.00,0,0
1506310430,s2-eth3,25660.00,744888.00,770548.00,744888,25660,356.00,492.00,848.00,492,356,0.00,0.00,0,0
1506310430,total,3633010.00,3560620.00,7193630.00,3560620,3633010,3961.00,3654.00,7615.00,3654,3961,0.00,0.00,0,0
1506310431,s3-eth2,5420.00,243016.00,248436.00,243016,5420,82.00,84.00,166.00,84,82,0.00,0.00,0,0
1506310431,s1-eth1,1246162.00,27258.00,1273420.00,27258,1246162,825.00,413.00,1238.00,413,825,0.00,0.00,0,0
1506310431,s4-eth1,566306.00,11950.00,578256.00,11950,566306,375.00,181.00,556.00,181,375,0.00,0.00,0,0
1506310431,s2-eth1,1093178.00,23166.00,1116344.00,23166,1093178,723.00,351.00,1074.00,351,723,0.00,0.00,0,0
1506310431,s3-eth3,11950.00,566306.00,578256.00,566306,11950,181.00,375.00,556.00,375,181,0.00,0.00,0,0
1506310431,s1-eth2,4162.00,188186.00,192348.00,188186,4162,63.00,65.00,128.00,65,63,0.00,0.00,0,0
1506310431,lo,2372.00,2372.00,4744.00,2372,2372,24.00,24.00,48.00,24,24,0.00,0.00,0,0
1506310431,s4-eth2,11950.00,554228.00,566178.00,554228,11950,181.00,192.00,373.00,192,181,0.00,0.00,0,0
1506310431,s2-eth2,6076.00,275598.00,281674.00,275598,6076,92.00,95.00,187.00,95,92,0.00,0.00,0,0
1506310431,s1-eth3,23166.00,1093178.00,1116344.00,1093178,23166,351.00,723.00,1074.00,723,351,0.00,0.00,0,0
1506310431,eth0,0.00,180.00,180.00,180,0,0.00,3.00,3.00,3,0,0.00,0.00,0,0
1506310431,s3-eth1,817630.00,17164.00,834794.00,17164,817630,541.00,260.00,801.00,260,541,0.00,0.00,0,0
1506310431,s2-eth3,17164.00,817630.00,834794.00,817630,17164,260.00,541.00,801.00,541,260,0.00,0.00,0,0
1506310431,total,3805536.00,3820232.00,7625768.00,3820232,3805536,3698.00,3307.00,7005.00,3307,3698,0.00,0.00,0,0
1506310432,s3-eth2,5214.00,231168.00,236382.00,231168,5214,79.00,80.00,159.00,80,79,0.00,0.00,0,0
1506310432,s1-eth1,1247536.00,27324.00,1274860.00,27324,1247536,824.00,414.00,1238.00,414,824,0.00,0.00,0,0
1506310432,s4-eth1,566236.00,12210.00,578446.00,12210,566236,374.00,185.00,559.00,185,374,0.00,0.00,0,0
1506310432,s2-eth1,1077968.00,23298.00,1101266.00,23298,1077968,712.00,353.00,1065.00,353,712,0.00,0.00,0,0
1506310432,s3-eth3,12210.00,566236.00,578446.00,566236,12210,185.00,374.00,559.00,374,185,0.00,0.00,0,0
1506310432,s1-eth2,4026.00,182262.00,186288.00,182262,4026,61.00,63.00,124.00,63,61,0.00,0.00,0,0
1506310432,lo,0.00,0.00,0.00,0,0,0.00,0.00,0.00,0,0,0.00,0.00,0,0
1506310432,s4-eth2,12210.00,554158.00,566368.00,554158,12210,185.00,191.00,376.00,191,185,0.00,0.00,0,0
1506310432,s2-eth2,5874.00,263750.00,269624.00,263750,5874,89.00,91.00,180.00,91,89,0.00,0.00,0,0
1506310432,s1-eth3,23298.00,1077968.00,1101266.00,1077968,23298,353.00,712.00,1065.00,712,353,0.00,0.00,0,0
1506310432,eth0,0.00,0.00,0.00,0,0,0.00,0.00,0.00,0,0,0.00,0.00,0,0
1506310432,s3-eth1,802420.00,17490.00,819910.00,17490,802420,530.00,265.00,795.00,265,530,0.00,0.00,0,0
1506310432,s2-eth3,17490.00,802420.00,819910.00,802420,17490,265.00,530.00,795.00,530,265,0.00,0.00,0,0
1506310432,total,3774482.00,3758284.00,7532766.00,3758284,3774482,3657.00,3258.00,6915.00,3258,3657,0.00,0.00,0,0
1506310433,s3-eth2,5218.00,229654.00,234872.00,229654,5218,79.00,79.00,158.00,79,79,0.00,0.00,0,0
1506310433,s1-eth1,1247536.00,27328.00,1274864.00,27328,1247536,824.00,414.00,1238.00,414,824,0.00,0.00,0,0
1506310433,s4-eth1,570778.00,12548.00,583326.00,12548,570778,377.00,190.00,567.00,190,377,0.00,0.00,0,0
1506310433,s2-eth1,1065856.00,23302.00,1089158.00,23302,1065856,704.00,353.00,1057.00,353,704,0.00,0.00,0,0
1506310433,s3-eth3,12548.00,570778.00,583326.00,570778,12548,190.00,377.00,567.00,377,190,0.00,0.00,0,0
1506310433,s1-eth2,4030.00,179300.00,183330.00,179300,4030,61.00,62.00,123.00,62,61,0.00,0.00,0,0
1506310433,lo,3297.00,3297.00,6594.00,3297,3297,23.00,23.00,46.00,23,23,0.00,0.00,0,0
1506310433,s4-eth2,12552.00,560148.00,572700.00,560148,12552,190.00,194.00,384.00,194,190,0.00,0.00,0,0
1506310433,s2-eth2,5812.00,254864.00,260676.00,254864,5812,88.00,88.00,176.00,88,88,0.00,0.00,0,0
1506310433,s1-eth3,23368.00,1065856.00,1089224.00,1065856,23368,354.00,704.00,1058.00,704,354,0.00,0.00,0,0
1506310433,eth0,0.00,0.00,0.00,0,0,0.00,0.00,0.00,0,0,0.00,0.00,0,0
1506310433,s3-eth1,805448.00,17560.00,823008.00,17560,805448,532.00,266.00,798.00,266,532,0.00,0.00,0,0
1506310433,s2-eth3,17560.00,805448.00,823008.00,805448,17560,266.00,532.00,798.00,532,266,0.00,0.00,0,0
1506310433,total,3774003.00,3750083.00,7524086.00,3750083,3774003,3688.00,3282.00,6970.00,3282,3688,0.00,0.00,0,0
1506310434,s3-eth2,5288.00,232616.00,237904.00,232616,5288,80.00,80.00,160.00,80,80,0.00,0.00,0,0
1506310434,s1-eth1,1247606.00,27258.00,1274864.00,27258,1247606,825.00,413.00,1238.00,413,825,0.00,0.00,0,0
1506310434,s4-eth1,563278.00,12210.00,575488.00,12210,563278,373.00,185.00,558.00,185,373,0.00,0.00,0,0
1506310434,s2-eth1,1062898.00,23100.00,1085998.00,23100,1062898,703.00,350.00,1053.00,350,703,0.00,0.00,0,0
1506310434,s3-eth3,12210.00,563278.00,575488.00,563278,12210,185.00,373.00,558.00,373,185,0.00,0.00,0,0
1506310434,s1-eth2,4228.00,189634.00,193862.00,189634,4228,64.00,65.00,129.00,65,64,0.00,0.00,0,0
1506310434,lo,107720.00,107720.00,215440.00,107720,107720,38.00,38.00,76.00,38,38,0.00,0.00,0,0
1506310434,s4-eth2,12276.00,549682.00,561958.00,549682,12276,186.00,189.00,375.00,189,186,0.00,0.00,0,0
1506310434,s2-eth2,5746.00,259274.00,265020.00,259274,5746,87.00,89.00,176.00,89,87,0.00,0.00,0,0
1506310434,s1-eth3,23034.00,1062898.00,1085932.00,1062898,23034,349.00,703.00,1052.00,703,349,0.00,0.00,0,0
1506310434,eth0,0.00,0.00,0.00,0,0,0.00,0.00,0.00,0,0,0.00,0.00,0,0
1506310434,s3-eth1,800976.00,17424.00,818400.00,17424,800976,530.00,264.00,794.00,264,530,0.00,0.00,0,0
1506310434,s2-eth3,17424.00,800976.00,818400.00,800976,17424,264.00,530.00,794.00,530,264,0.00,0.00,0,0
1506310434,total,3862684.00,3846070.00,7708754.00,3846070,3862684,3684.00,3279.00,6963.00,3279,3684,0.00,0.00,0,0
1506310435,s3-eth2,5472.53,251716.30,257188.81,251968,5478,82.92,87.91,170.83,88,83,0.00,0.00,0,0
1506310435,s1-eth1,1249384.62,31368.63,1280753.25,31400,1250634,826.17,457.54,1283.72,458,827,0.00,0.00,0,0
1506310435,s4-eth1,571720.31,12395.60,584115.88,12408,572292,377.62,187.81,565.43,188,378,0.00,0.00,0,0
1506310435,s2-eth1,1037636.38,26753.25,1064389.62,26780,1038674,686.31,387.61,1073.93,388,687,0.00,0.00,0,0
1506310435,s3-eth3,12395.60,571720.31,584115.88,572292,12408,187.81,377.62,565.43,378,188,0.00,0.00,0,0
1506310435,s1-eth2,4755.25,216141.86,220897.11,216358,4760,71.93,74.93,146.85,75,72,0.00,0.00,0,0
1506310435,lo,337.66,337.66,675.32,338,338,3.00,3.00,5.99,3,3,0.00,0.00,0,0
1506310435,s4-eth2,12395.60,559522.50,571918.12,560082,12408,187.81,192.81,380.62,193,188,0.00,0.00,0,0
1506310435,s2-eth2,8951.05,205298.70,214249.75,205504,8960,117.88,107.89,225.77,108,118,0.00,0.00,0,0
1506310435,s1-eth3,26753.25,1037636.38,1064389.62,1038674,26780,387.61,686.31,1073.93,687,388,0.00,0.00,0,0
1506310435,eth0,0.00,623.38,623.38,624,0,0.00,7.99,7.99,8,0,0.00,0.00,0,0
1506310435,s3-eth1,828843.19,17802.20,846645.38,17820,829672,547.45,269.73,817.18,270,548,0.00,0.00,0,0
1506310435,s2-eth3,17802.20,828843.19,846645.38,829672,17820,269.73,547.45,817.18,548,270,0.00,0.00,0,0
1506310435,total,3776447.75,3760160.00,7536607.50,3763920,3780224,3746.25,3388.61,7134.87,3392,3750,0.00,0.00,0,0
1506310436,s3-eth2,9812.19,244949.06,254761.25,245194,9822,132.87,116.88,249.75,117,133,0.00,0.00,0,0
1506310436,s1-eth1,1229652.38,46163.84,1275816.25,46210,1230882,812.19,604.40,1416.58,605,813,0.00,0.00,0,0
1506310436,s4-eth1,512733.28,19620.38,532353.69,19640,513246,338.66,253.75,592.41,254,339,0.00,0.00,0,0
1506310436,s2-eth1,949842.19,37254.75,987096.94,37292,950792,627.37,489.51,1116.88,490,628,0.00,0.00,0,0
1506310436,s3-eth3,19620.38,512733.28,532353.69,513246,19640,253.75,338.66,592.41,339,254,0.00,0.00,0,0
1506310436,s1-eth2,9177.82,202141.86,211319.69,202344,9187,116.88,103.90,220.78,104,117,0.00,0.00,0,0
1506310436,lo,0.00,0.00,0.00,0,0,0.00,0.00,0.00,0,0,0.00,0.0