1506310370,s3-eth2,0.00,0.00,0.00,0,0,0.00,0.00,0.00,0,0,0.00,0.00,0,0
1506310370,s1-eth1,0.00,0.00,0.00,0,0,0.00,0.00,0.00,0,0,0.00,0.00,0,0
1506310370,s2-eth1,0.00,0.00,0.00,0,0,0.00,0.00,0.00,0,0,0.00,0.00,0,0
1506310370,s1-eth2,0.00,0.00,0.00,0,0,0.00,0.00,0.00,0,0,0.00,0.00,0,0
1506310370,lo,0.00,0.00,0.00,0,0,0.00,0.00,0.00,0,0,0.00,0.00,0,0
1506310370,s2-eth2,0.00,0.00,0.00,0,0,0.00,0.00,0.00,0,0,0.00,0.00,0,0
1506310370,s1-eth3,0.00,0.00,0.00,0,0,0.00,0.00,0.00,0,0,0.00,0.00,0,0
1506310370,eth0,0.00,0.00,0.00,0,0,0.00,0.00,0.00,0,0,0.00,0.00,0,0
1506310370,s3-eth1,0.00,0.00,0.00,0,0,0.00,0.00,0.00,0,0,0.00,0.00,0,0
1506310370,s2-eth3,0.00,0.00,0.00,0,0,0.00,0.00,0.00,0,0,0.00,0.00,0,0
1506310370,total,0.00,0.00,0.00,0,0,0.00,0.00,0.00,0,0,0.00,0.00,0,0
1506310371,s3-eth2,12424.58,405652.34,418076.94,406058,12437,156.84,140.86,297.70,141,157,0.00,0.00,0,0
1506310371,s1-eth1,1247036.00,27230.77,1274266.75,27258,1248283,848.15,412.59,1260.74,413,849,0.00,0.00,0,0
1506310371,s2-eth1,845522.50,18662.34,864184.81,18681,846368,578.42,273.73,852.15,274,579,0.00,0.00,0,0
1506310371,s1-eth2,12897.10,454443.56,467340.69,454898,12910,169.83,156.84,326.67,157,170,0.00,0.00,0,0
1506310371,lo,31689.31,31689.31,63378.62,31721,31721,194.81,194.81,389.61,195,195,0.00,0.00,0,0
1506310371,s2-eth2,12460.54,417422.59,429883.12,417840,12473,160.84,143.86,304.70,144,161,0.00,0.00,0,0
1506310371,s1-eth3,18662.34,845522.50,864184.81,846368,18681,273.73,578.42,852.15,579,274,0.00,0.00,0,0
1506310371,eth0,1072.93,41.96,1114.89,42,1074,11.99,1.00,12.99,1,12,0.00,0.00,0,0
1506310371,s3-eth1,416074.94,11456.54,427531.47,11468,416491,284.72,150.85,435.56,151,285,0.00,0.00,0,0
1506310371,s2-eth3,11456.54,416074.94,427531.47,416491,11468,150.85,284.72,435.56,285,151,0.00,0.00,0,0
1506310371,total,2609296.75,2628196.75,5237493.50,2630825,2611906,2830.17,2337.66,5167.83,2340,2833,0.00,0.00,0,0
1506310372,s3-eth2,9399.00,385258.00,394657.00,385258,9399,133.00,133.00,266.00,133,133,0.00,0.00,0,0
1506310372,s1-eth1,1250465.00,27654.00,1278119.00,27654,1250465,835.00,419.00,1254.00,419,835,0.00,0.00,0,0
1506310372,s2-eth1,844109.00,17960.00,862069.00,17960,844109,563.00,269.00,832.00,269,563,0.00,0.00,0,0
1506310372,s1-eth2,11450.00,463784.00,475234.00,463784,11450,162.00,160.00,322.00,160,162,0.00,0.00,0,0
1506310372,lo,87183.00,87183.00,174366.00,87183,87183,94.00,94.00,188.00,94,94,0.00,0.00,0,0
1506310372,s2-eth2,10653.00,443050.00,453703.00,443050,10653,152.00,153.00,305.00,153,152,0.00,0.00,0,0
1506310372,s1-eth3,17960.00,847137.00,865097.00,847137,17960,269.00,565.00,834.00,565,269,0.00,0.00,0,0
1506310372,eth0,3288.00,428.00,3716.00,428,3288,17.00,6.00,23.00,6,17,0.00,0.00,0,0
1506310372,s3-eth1,394047.00,8929.00,402976.00,8929,394047,263.00,129.00,392.00,129,263,0.00,0.00,0,0
1506310372,s2-eth3,8929.00,394047.00,402976.00,394047,8929,129.00,263.00,392.00,263,129,0.00,0.00,0,0
1506310372,total,2637483.00,2675430.00,5312913.00,2675430,2637483,2617.00,2191.00,4808.00,2191,2617,0.00,0.00,0,0
1506310373,s3-eth2,10134.00,397374.00,407508.00,397374,10134,147.00,141.00,288.00,141,147,0.00,0.00,0,0
1506310373,s1-eth1,1245114.00,28998.00,1274112.00,28998,1245114,825.00,439.00,1264.00,439,825,0.00,0.00,0,0
1506310373,s2-eth1,842257.00,19301.00,861558.00,19301,842257,559.00,290.00,849.00,290,559,0.00,0.00,0,0
1506310373,s1-eth2,10439.00,449040.00,459479.00,449040,10439,154.00,156.00,310.00,156,154,0.00,0.00,0,0
1506310373,lo,4620.00,4620.00,9240.00,4620,4620,27.00,27.00,54.00,27,27,0.00,0.00,0,0
1506310373,s2-eth2,10239.76,426299.72,436539.47,426726,10250,148.85,146.85,295.70,147,149,0.00,0.00,0,0
1506310373,s1-eth3,19281.72,838390.62,857672.38,839229,19301,289.71,556.44,846.15,557,290,0.00,0.00,0,0
1506310373,eth0,3016.98,3306.69,6323.68,3310,3020,11.99,18.98,30.97,19,12,0.00,0.00,0,0
1506310373,s3-eth1,405616.41,9921.08,415537.47,9931,406022,269.73,145.85,415.58,146,270,0.00,0.00,0,0
1506310373,s2-eth3,9987.01,405616.41,415603.41,406022,9997,146.85,269.73,416.58,270,147,0.00,0.00,0,0
1506310373,total,2558595.50,2581969.00,5140564.50,2584551,2561154,2577.42,2189.81,4767.23,2192,2580,0.00,0.00,0,0
1506310374,s3-eth2,15837.16,419748.25,435585.44,420168,15853,205.79,179.82,385.61,180,206,0.00,0.00,0,0
1506310374,s1-eth1,1239609.38,49304.70,1288914.12,49354,1240849,825.17,620.38,1445.55,621,826,0.00,0.00,0,0
1506310374,s2-eth1,794682.31,32199.80,826882.12,32232,795477,530.47,408.59,939.06,409,531,0.00,0.00,0,0
1506310374,s1-eth2,18494.51,356235.78,374730.28,356592,18513,225.77,181.82,407.59,182,226,0.00,0.00,0,0
1506310374,lo,13522.48,13522.48,27044.96,13536,13536,107.89,107.89,215.78,108,108,0.00,0.00,0,0
1506310374,s2-eth2,17937.06,360905.09,378842.16,361266,17955,216.78,186.81,403.60,187,217,0.00,0.00,0,0
1506310374,s1-eth3,32199.80,794682.31,826882.12,795477,32232,408.59,530.47,939.06,531,409,0.00,0.00,0,0
1506310374,eth0,212.79,0.00,212.79,0,213,1.00,0.00,1.00,0,1,0.00,0.00,0,0
1506310374,s3-eth1,426808.22,15567.43,442375.62,15583,427235,284.72,203.80,488.51,204,285,0.00,0.00,0,0
1506310374,s2-eth3,15501.50,426808.22,442309.69,427235,15517,202.80,284.72,487.51,285,203,0.00,0.00,0,0
1506310374,total,2574805.25,2468974.00,5043779.50,2471443,2577380,3008.99,2704.30,5713.29,2707,3012,0.00,0.00,0,0
1506310375,s3-eth2,21614.39,499958.06,521572.44,500458,21636,308.69,232.77,541.46,233,309,0.00,0.00,0,0
1506310375,s1-eth1,1245116.88,54171.83,1299288.75,54226,1246362,825.17,790.21,1615.38,791,826,0.00,0.00,0,0
1506310375,s2-eth1,868641.38,38305.70,906947.06,38344,869510,577.42,555.44,1132.87,556,578,0.00,0.00,0,0
1506310375,s1-eth2,16645.36,376923.09,393568.44,377300,16662,241.76,165.83,407.59,166,242,0.00,0.00,0,0
1506310375,lo,4537.46,4537.46,9074.93,4542,4542,28.97,28.97,57.94,29,29,0.00,0.00,0,0
1506310375,s2-eth2,17466.53,357660.34,375126.88,358018,17484,252.75,180.82,433.57,181,253,0.00,0.00,0,0
1506310375,s1-eth3,38305.70,868641.38,906947.06,869510,38344,555.44,577.42,1132.87,578,556,0.00,0.00,0,0
1506310375,eth0,580.42,215.78,796.20,216,581,5.00,1.00,5.99,1,5,0.00,0.00,0,0
1506310375,s3-eth1,507156.84,21512.49,528669.38,21534,507664,338.66,307.69,646.35,308,339,0.00,0.00,0,0
1506310375,s2-eth3,21512.49,507156.84,528669.38,507664,21534,307.69,338.66,646.35,339,308,0.00,0.00,0,0
1506310375,total,2741577.50,2729083.00,5470660.50,2731812,2744319,3441.56,3178.82,6620.38,3182,3445,0.00,0.00,0,0
1506310376,s3-eth2,12413.59,544727.31,557140.88,545272,12426,184.82,187.81,372.63,188,185,0.00,0.00,0,0
1506310376,s1-eth1,1242363.62,29340.66,1271704.38,29370,1243606,826.17,444.56,1270.73,445,827,0.00,0.00,0,0
1506310376,s2-eth1,895800.25,19984.02,915784.25,20004,896696,595.40,301.70,897.10,302,596,0.00,0.00,0,0
1506310376,s1-eth2,10308.69,363108.91,373417.59,363472,10319,150.85,131.87,282.72,132,151,0.00,0.00,0,0
1506310376,lo,4715.28,4715.28,9430.57,4720,4720,33.97,33.97,67.93,34,34,0.00,0.00,0,0
1506310376,s2-eth2,8589.41,334965.03,343554.47,335300,8598,126.87,121.88,248.75,122,127,0.00,0.00,0,0
1506310376,s1-eth3,19984.02,895800.25,915784.25,896696,20004,301.70,595.40,897.10,596,302,0.00,0.00,0,0
1506310376,eth0,367.63,215.78,583.42,216,368,4.00,1.00,5.00,1,4,0.00,0.00,0,0
1506310376,s3-eth1,556799.19,12209.79,569009.00,12222,557356,369.63,182.82,552.45,183,370,0.00,0.00,0,0
1506310376,s2-eth3,12209.79,556799.19,569009.00,557356,12222,182.82,369.63,552.45,370,183,0.00,0.00,0,0
1506310376,total,2763551.50,2761866.25,5525417.50,2764628,2766315,2776.22,2370.63,5146.85,2373,2779,0.00,0.00,0,0
1506310377,s3-eth2,12526.00,537900.00,550426.00,537900,12526,184.00,186.00,370.00,186,184,0.00,0.00,0,0
1506310377,s1-eth1,1251582.00,27192.00,1278774.00,27192,1251582,834.00,412.00,1246.00,412,834,0.00,0.00,0,0
1506310377,s2-eth1,901237.00,19673.00,920910.00,19673,901237,598.00,296.00,894.00,296,598,0.00,0.00,0,0
1506310377,s1-eth2,8297.00,348200.00,356497.00,348200,8297,122.00,120.00,242.00,120,122,0.00,0.00,0,0
1506310377,lo,4696.00,4696.00,9392.00,4696,4696,31.00,31.00,62.00,31,31,0.00,0.00,0,0
1506310377,s2-eth2,8404.00,342276.00,350680.00,342276,8404,121.00,118.00,239.00,118,121,0.00,0.00,0,0
1506310377,s1-eth3,19673.00,901237.00,920910.00,901237,19673,296.00,598.00,894.00,598,296,0.00,0.00,0,0
1506310377,eth0,0.00,258.00,258.00,258,0,0.00,2.00,2.00,2,0,0.00,0.00,0,0
1506310377,s3-eth1,549582.00,12287.00,561869.00,12287,549582,363.00,183.00,546.00,183,363,0.00,0.00,0,0
1506310377,s2-eth3,12287.00,549582.00,561869.00,549582,12287,183.00,363.00,546.00,363,183,0.00,0.00,0,0
1506310377,total,2768284.00,2743301.00,5511585.00,2743301,2768284,2732.00,2309.00,5041.00,2309,2732,0.00,0.00,0,0
1506310378,s3-eth2,13173.83,556563.44,569737.25,557120,13187,194.81,191.81,386.61,192,195,0.00,0.00,0,0
1506310378,s1-eth1,1238930.12,27032.97,1265963.12,27060,1240169,819.18,409.59,1228.77,410,820,0.00,0.00,0,0
1506310378,s2-eth1,892978.06,19654.35,912632.38,19674,893871,594.41,296.70,891.11,297,595,0.00,0.00,0,0
1506310378,s1-eth2,8192.81,338975.03,347167.84,339314,8201,119.88,116.88,236.76,117,120,0.00,0.00,0,0
1506310378,lo,5262.74,5262.74,10525.47,5268,5268,32.97,32.97,65.93,33,33,0.00,0.00,0,0
1506310378,s2-eth2,7767.23,315302.72,323069.94,315618,7775,112.89,108.89,221.78,109,113,0.00,0.00,0,0
1506310378,s1-eth3,19654.35,892978.06,912632.38,893871,19674,296.70,594.41,891.11,595,297,0.00,0.00,0,0
1506310378,eth0,367.63,257.74,625.37,258,368,4.00,2.00,5.99,2,4,0.00,0.00,0,0
1506310378,s3-eth1,569101.94,12904.10,582006.00,12917,569671,378.62,191.81,570.43,192,379,0.00,0.00,0,0
1506310378,s2-eth3,12904.10,569101.94,582006.00,569671,12917,191.81,378.62,570.43,379,192,0.00,0.00,0,0
1506310378,total,2768332.75,2738033.00,5506366.00,2740771,2771101,2745.25,2323.68,5068.93,2326,2748,0.00,0.00,0,0
1506310379,s3-eth2,12299.70,550645.38,562945.06,551196,12312,185.81,189.81,375.62,190,186,0.00,0.00,0,0
1506310379,s1-eth1,1249926.12,27296.70,1277222.75,27324,1251176,831.17,413.59,1244.76,414,832,0.00,0.00,0,0
1506310379,s2-eth1,898417.62,19516.48,917934.06,19536,899316,593.41,295.70,889.11,296,594,0.00,0.00,0,0
1506310379,s1-eth2,7852.15,349364.66,357216.78,349714,7860,117.88,120.88,238.76,121,118,0.00,0.00,0,0
1506310379,lo,1210.79,1210.79,2421.58,1212,1212,8.99,8.99,17.98,9,9,0.00,0.00,0,0
1506310379,s2-eth2,7420.58,333056.94,340477.53,333390,7428,111.89,114.89,226.77,115,112,0.00,0.00,0,0
1506310379,s1-eth3,19516.48,898417.62,917934.06,899316,19536,295.70,593.41,889.11,594,296,0.00,0.00,0,0
1506310379,eth0,0.00,41.96,41.96,42,0,0.00,1.00,1.00,1,0,0.00,0.00,0,0
1506310379,s3-eth1,562645.38,12299.70,574945.06,12312,563208,371.63,185.81,557.44,186,372,0.00,0.00,0,0
1506310379,s2-eth3,12299.70,562645.38,574945.06,563208,12312,185.81,371.63,557.44,372,186,0.00,0.00,0,0
1506310379,total,2771588.50,2754495.50,5526084.00,2757250,2774360,2702.30,2295.70,4998.00,2298,2705,0.00,0.00,0,0
1506310380,s3-eth2,11550.00,521576.00,533126.00,521576,11550,175.00,180.00,355.00,180,175,0.00,0.00,0,0
1506310380,s1-eth1,1249050.00,27126.00,1276176.00,27126,1249050,825.00,411.00,1236.00,411,825,0.00,0.00,0,0
1506310380,s2-eth1,899316.00,19272.00,918588.00,19272,899316,594.00,292.00,886.00,292,594,0.00,0.00,0,0
1506310380,s1-eth2,7986.00,368934.00,376920.00,368934,7986,121.00,127.00,248.00,127,121,0.00,0.00,0,0
1506310380,lo,0.00,0.00,0.00,0,0,0.00,0.00,0.00,0,0,0.00,0.00,0,0
1506310380,s2-eth2,7656.00,354124.00,361780.00,354124,7656,116.00,122.00,238.00,122,116,0.00,0.00,0,0
1506310380,s1-eth3,19272.00,899316.00,918588.00,899316,19272,292.00,594.00,886.00,594,292,0.00,0.00,0,0
1506310380,eth0,0.00,0.00,0.00,0,0,0.00,0.00,0.00,0,0,0.00,0.00,0,0
1506310380,s3-eth1,532928.00,11550.00,544478.00,11550,532928,352.00,175.00,527.00,175,352,0.00,0.00,0,0
1506310380,s2-eth3,11550.00,532928.00,544478.00,532928,11550,175.00,352.00,527.00,352,175,0.00,0.00,0,0
1506310380,total,2739308.00,2734826.00,5474134.00,2734826,2739308,2650.00,2253.00,4903.00,2253,2650,0.00,0.00,0,0
1506310381,s3-eth2,11562.00,518684.00,530246.00,518684,11562,175.00,180.00,355.00,180,175,0.00,0.00,0,0
1506310381,s1-eth1,1250704.00,27324.00,1278028.00,27324,1250704,828.00,414.00,1242.00,414,828,0.00,0.00,0,0
1506310381,s2-eth1,897872.00,19144.00,917016.00,19144,897872,594.00,290.00,884.00,290,594,0.00,0.00,0,0
1506310381,s1-eth2,8254.00,385328.00,393582.00,385328,8254,125.00,134.00,259.00,134,125,0.00,0.00,0,0
1506310381,lo,2314.00,2314.00,4628.00,2314,2314,20.00,20.00,40.00,20,20,0.00,0.00,0,0
1506310381,s2-eth2,7990.01,367184.81,375174.84,367552,7998,120.88,127.87,248.75,128,121,0.00,0.00,0,0
1506310381,s1-eth3,19190.81,898487.56,917678.38,899386,19210,290.71,594.41,885.11,595,291,0.00,0.00,0,0
1506310381,eth0,0.00,0.00,0.00,0,0,0.00,0.00,0.00,0,0,0.00,0.00,0,0
1506310381,s3-eth1,529440.56,11480.52,540921.06,11492,529970,350.65,173.83,524.48,174,351,0.00,0.00,0,0
1506310381,s2-eth3,11480.52,529440.56,540921.06,529970,11492,173.83,350.65,524.48,351,174,0.00,0.00,0,0
1506310381,total,2736639.50,2758435.75,5495075.00,2761194,2739376,2676.32,2283.72,4960.04,2286,2679,0.00,0.00,0,0
1506310382,s3-eth2,18263.74,433808.22,452071.94,434242,18282,246.75,216.78,463.54,217,247,0.00,0.00,0,0
1506310382,s1-eth1,1232747.25,50587.41,1283334.75,50638,1233980,815.18,638.36,1453.55,639,816,0.00,0.00,0,0
1506310382,s2-eth1,806225.81,34327.67,840553.50,34362,807032,533.47,442.56,976.02,443,534,0.00,0.00,0,0
1506310382,s1-eth2,16416.00,359532.00,375948.00,359532,16416,198.00,182.00,380.00,182,198,0.00,0.00,0,0
1506310382,lo,1580.00,1580.00,3160.00,1580,1580,13.00,13.00,26.00,13,13,0.00,0.00,0,0
1506310382,s2-eth2,16080.00,362300.00,378380.00,362300,16080,196.00,180.00,376.00,180,196,0.00,0.00,0,0
1506310382,s1-eth3,34296.00,805518.00,839814.00,805518,34296,442.00,533.00,975.00,533,442,0.00,0.00,0,0
1506310382,eth0,0.00,42.00,42.00,42,0,0.00,1.00,1.00,1,0,0.00,0.00,0,0
1506310382,s3-eth1,436032.00,18422.00,454454.00,18422,436032,288.00,249.00,537.00,249,288,0.00,0.00,0,0
1506310382,s2-eth3,18422.00,436032.00,454454.00,436032,18422,249.00,288.00,537.00,288,249,0.00,0.00,0,0
1506310382,total,2582120.00,2502668.00,5084788.00,2502668,2582120,2983.00,2745.00,5728.00,2745,2983,0.00,0.00,0,0
1506310383,s3-eth2,16578.00,499266.00,515844.00,499266,16578,251.00,193.00,444.00,193,251,0.00,0.00,0,0
1506310383,s1-eth1,1220424.00,32406.00,1252830.00,32406,1220424,808.00,491.00,1299.00,491,808,0.00,0.00,0,0
1506310383,s2-eth1,960499.50,25784.22,986283.75,25810,961460,635.36,390.61,1025.97,391,636,0.00,0.00,0,0
1506310383,s1-eth2,6799.20,284529.47,291328.69,284814,6806,102.90,102.90,205.79,103,103,0.00,0.00,0,0
1506310383,lo,1460.54,1460.54,2921.08,1462,1462,13.99,13.99,27.97,14,14,0.00,0.00,0,0
1506310383,s2-eth2,9366.63,436623.38,445990.03,437060,9376,141.86,149.85,291.71,150,142,0.00,0.00,0,0
1506310383,s1-eth3,25784.22,960499.50,986283.75,961460,25810,390.61,635.36,1025.97,636,391,0.00,0.00,0,0
1506310383,eth0,0.00,41.96,41.96,42,0,0.00,1.00,1.00,1,0,0.00,0.00,0,0
1506310383,s3-eth1,511220.78,16487.51,527708.31,16504,511732,337.66,249.75,587.41,250,338,0.00,0.00,0,0
1506310383,s2-eth3,16487.51,511220.78,527708.31,511732,16504,249.75,337.66,587.41,338,250,0.00,0.00,0,0
1506310383,total,2767384.75,2767788.25,5535173.00,2770556,2770152,2930.07,2564.44,5494.51,2567,2933,0.00,0.00,0,0
1506310384,s3-eth2,11406.59,526973.06,538379.62,527500,11418,172.83,181.82,354.65,182,173,0.00,0.00,0,0
1506310384,s1-eth1,1231234.75,26835.17,1258070.00,26862,1232466,814.19,406.59,1220.78,407,815,0.00,0.00,0,0
1506310384,s2-eth1,977136.88,20769.23,997906.12,20790,978114,646.35,314.69,961.04,315,647,0.00,0.00,0,0
1506310384,s1-eth2,6404.60,279794.22,286198.81,280074,6411,94.91,96.90,191.81,97,95,0.00,0.00,0,0
1506310384,lo,675.32,675.32,1350.65,676,676,5.99,5.99,11.99,6,6,0.00,0.00,0,0
1506310384,s2-eth2,9432.57,430771.25,440203.81,431202,9442,142.86,148.85,291.71,149,143,0.00,0.00,0,0
1506310384,s1-eth3,20769.23,977136.88,997906.12,978114,20790,314.69,646.35,961.04,647,315,0.00,0.00,0,0
1506310384,eth0,0.00,41.96,41.96,42,0,0.00,1.00,1.00,1,0,0.00,0.00,0,0
1506310384,s3-eth1,537003.00,11406.59,548409.62,11418,537540,355.64,172.83,528.47,173,356,0.00,0.00,0,0
1506310384,s2-eth3,11406.59,537003.00,548409.62,537540,11418,172.83,355.64,528.47,356,173,0.00,0.00,0,0
1506310384,total,2805469.50,2811406.75,5616876.50,2814218,2808275,2720.28,2330.67,5050.95,2333,2723,0.00,0.00,0,0
1506310385,s3-eth2,12344.66,535850.19,548194.81,536386,12357,180.82,184.82,365.63,185,181,0.00,0.00,0,0
1506310385,s1-eth1,1240645.38,27032.97,1267678.38,27060,1241886,821.18,409.59,1230.77,410,822,0.00,0.00,0,0
1506310385,s2-eth1,987857.19,21433.57,1009290.75,21455,988845,653.35,322.68,976.02,323,654,0.00,0.00,0,0
1506310385,s1-eth2,6005.00,259014.98,265020.00,259274,6011,88.91,88.91,177.82,89,89,0.00,0.00,0,0
1506310385,lo,2413.59,2413.59,4827.17,2416,2416,11.99,11.99,23.98,12,12,0.00,0.00,0,0
1506310385,s2-eth2,9910.00,432650.00,442560.00,432650,9910,146.00,149.00,295.00,149,146,0.00,0.00,0,0
1506310385,s1-eth3,21455.00,988845.00,1010300.00,988845,21455,323.00,654.00,977.00,654,323,0.00,0.00,0,0
1506310385,eth0,0.00,42.00,42.00,42,0,0.00,1.00,1.00,1,0,0.00,0.00,0,0
1506310385,s3-eth1,549582.00,12154.00,561736.00,12154,549582,363.00,180.00,543.00,180,363,0.00,0.00,0,0
1506310385,s2-eth3,12154.00,549582.00,561736.00,549582,12154,180.00,363.00,543.00,363,180,0.00,0.00,0,0
1506310385,total,2844616.00,2829864.00,5674480.00,2829864,2844616,2770.00,2366.00,5136.00,2366,2770,0.00,0.00,0,0
1506310386,s3-eth2,11616.00,517100.00,528716.00,517100,11616,176.00,178.00,354.00,178,176,0.00,0.00,0,0
1506310386,s1-eth1,1235627.00,26862.00,1262489.00,26862,1235627,817.00,407.00,1224.00,407,817,0.00,0.00,0,0
1506310386,s2-eth1,960079.00,21120.00,981199.00,21120,960079,635.00,320.00,955.00,320,635,0.00,0.00,0,0
1506310386,s1-eth2,5945.00,260788.00,266733.00,260788,5945,88.00,90.00,178.00,90,88,0.00,0.00,0,0
1506310386,lo,1206.79,1206.79,2413.59,1208,1208,5.99,5.99,11.99,6,6,0.00,0.00,0,0
1506310386,s2-eth2,9697.30,421894.12,431591.41,422316,9707,144.86,145.85,290.71,146,145,0.00,0.00,0,0
1506310386,s1-eth3,21098.90,959119.88,980218.81,960079,21120,319.68,634.37,954.05,635,320,0.00,0.00,0,0
1506310386,eth0,0.00,177.82,177.82,178,0,0.00,2.00,2.00,2,0,0.00,0.00,0,0
1506310386,s3-eth1,528060.94,11538.46,539599.44,11550,528589,349.65,174.83,524.48,175,350,0.00,0.00,0,0
1506310386,s2-eth3,11538.46,528060.94,539599.44,528589,11550,174.83,349.65,524.48,350,175,0.00,0.00,0,0
1506310386,total,2782658.50,2747043.00,5529701.50,2749790,2785441,2709.29,2306.69,5015.98,2309,2712,0.00,0.00,0,0
1506310387,s3-eth2,11208.79,506259.75,517468.53,506766,11220,169.83,174.83,344.66,175,170,0.00,0.00,0,0
1506310387,s1-eth1,1226627.38,26769.23,1253396.62,26796,1227854,810.19,405.59,1215.78,406,811,0.00,0.00,0,0
1506310387,s2-eth1,960429.62,20769.23,981198.81,20790,961390,634.37,314.69,949.05,315,635,0.00,0.00,0,0
1506310387,s1-eth2,5934.07,269404.59,275338.66,269674,5940,89.91,92.91,182.82,93,90,0.00,0.00,0,0
1506310387,lo,0.00,0.00,0.00,0,0,0.00,0.00,0.00,0,0,0.00,0.00,0,0
1506310387,s2-eth2,9626.37,436689.31,446315.69,437126,9636,145.85,150.85,296.70,151,146,0.00,0.00,0,0
1506310387,s1-eth3,20769.23,960429.62,981198.81,961390,20790,314.69,634.37,949.05,635,315,0.00,0.00,0,0
1506310387,eth0,0.00,41.96,41.96,42,0,0.00,1.00,1.00,1,0,0.00,0.00,0,0
1506310387,s3-eth1,514245.78,11208.79,525454.56,11220,514760,339.66,169.83,509.49,170,340,0.00,0.00,0,0
1506310387,s2-eth3,11208.79,517270.75,528479.56,517788,11220,169.83,341.66,511.49,342,170,0.00,0.00,0,0
1506310387,total,2760050.00,2748843.25,5508893.50,2751592,2762810,2674.33,2285.71,4960.04,2288,2677,0.00,0.00,0,0
1506310388,s3-eth2,11802.20,532891.12,544693.31,533424,11814,178.82,183.82,362.64,184,179,0.00,0.00,0,0
1506310388,s1-eth1,1237214.88,33770.23,1270985.00,33804,1238452,817.18,479.52,1296.70,480,818,0.00,0.00,0,0
1506310388,s2-eth1,930179.88,25660.34,955840.19,25686,931110,614.39,364.64,979.02,365,615,0.00,0.00,0,0
1506310388,s1-eth2,8175.82,267434.56,275610.41,267702,8184,115.88,106.89,222.78,107,116,0.00,0.00,0,0
1506310388,lo,0.00,0.00,0.00,0,0,0.00,0.00,0.00,0,0,0.00,0.00,0,0
1506310388,s2-eth2,13792.21,373700.31,387492.53,374074,13806,184.82,160.84,345.65,161,185,0.00,0.00,0,0
1506310388,s1-eth3,25660.34,930179.88,955840.19,931110,25686,364.64,614.39,979.02,615,365,0.00,0.00,0,0
1506310388,eth0,0.00,0.00,0.00,0,0,0.00,0.00,0.00,0,0,0.00,0.00,0,0
1506310388,s3-eth1,546974.06,11856.29,558830.38,11880,548068,361.28,179.64,540.92,180,362,0.00,0.00,0,0
1506310388,s2-eth3,11856.29,543952.12,555808.38,545040,11880,179.64,359.28,538.92,360,180,0.00,0.00,0,0
1506310388,total,2783433.25,2717285.50,5500718.50,2722720,2789000,2814.37,2447.11,5261.48,2452,2820,0.00,0.00,0,0
1506310389,s3-eth2,13437.13,610728.56,624165.69,611950,13464,203.59,210.58,414.17,211,204,0.00,0.00,0,0
1506310389,s1-eth1,1245046.00,28191.62,1273237.50,28248,1247536,822.36,425.15,1247.51,426,824,0.00,0.00,0,0
1506310389,s2-eth1,1016888.25,21604.79,1038493.06,21648,1018922,671.66,327.35,999.00,328,673,0.00,0.00,0,0
1506310389,s1-eth2,6520.96,256393.22,262914.19,256906,6534,96.81,96.81,193.61,97,97,0.00,0.00,0,0
1506310389,lo,0.00,0.00,0.00,0,0,0.00,0.00,0.00,0,0,0.00,0.00,0,0
1506310389,s2-eth2,8241.76,387832.19,396073.94,388220,8250,124.88,133.87,258.74,134,125,0.00,0.00,0,0
1506310389,s1-eth3,21692.31,1017904.12,1039596.44,1018922,21714,328.67,672.33,1001.00,673,329,0.00,0.00,0,0
1506310389,eth0,0.00,623.38,623.38,624,0,0.00,7.99,7.99,8,0,0.00,0.00,0,0
1506310389,s3-eth1,624657.38,13384.62,638042.00,13398,625282,412.59,202.80,615.38,203,413,0.00,0.00,0,0
1506310389,s2-eth3,13384.62,624657.38,638042.00,625282,13398,202.80,412.59,615.38,413,203,0.00,0.00,0,0
1506310389,total,2952148.00,2962235.75,5914384.00,2965198,2955100,2865.13,2490.51,5355.64,2493,2868,0.00,0.00,0,0
1506310390,s3-eth2,18209.79,537041.00,555250.75,537578,18228,255.74,224.78,480.52,225,256,0.00,0.00,0,0
1506310390,s1-eth1,1243264.75,41294.71,1284559.50,41336,1244508,821.18,553.45,1374.63,554,822,0.00,0.00,0,0
1506310390,s2-eth1,922617.44,32251.75,954869.19,32284,923540,609.39,435.56,1044.96,436,610,0.00,0.00,0,0
1506310390,s1-eth2,9030.97,254679.33,263710.31,254934,9040,117.88,110.89,228.77,111,118,0.00,0.00,0,0
1506310390,lo,515.48,515.48,1030.97,516,516,8.99,8.99,17.98,9,9,0.00,0.00,0,0
1506310390,s2-eth2,14041.96,372583.44,386625.38,372956,14056,179.82,165.83,345.65,166,180,0.00,0.00,0,0
1506310390,s1-eth3,32185.81,924129.88,956315.69,925054,32218,434.57,610.39,1044.96,611,435,0.00,0.00,0,0
1506310390,eth0,0.00,59.94,59.94,60,0,0.00,1.00,1.00,1,0,0.00,0.00,0,0
1506310390,s3-eth1,546008.00,18209.79,564217.81,18228,546554,360.64,255.74,616.38,256,361,0.00,0.00,0,0
1506310390,s2-eth3,18209.79,546008.00,564217.81,546554,18228,255.74,360.64,616.38,361,256,0.00,0.00,0,0
1506310390,total,2804084.00,2726773.25,5530857.50,2729500,2806888,3043.96,2727.27,5771.23,2730,3047,0.00,0.00,0,0
1506310391,s3-eth2,12659.34,587666.38,600325.69,588254,12672,191.81,202.80,394.61,203,192,0.00,0.00,0,0
1506310391,s1-eth1,1241752.25,28805.20,1270557.50,28834,1242994,820.18,432.57,1252.75,433,821,0.00,0.00,0,0
1506310391,s2-eth1,998241.81,22163.84,1020405.62,22186,999240,659.34,332.67,992.01,333,660,0.00,0.00,0,0
1506310391,s1-eth2,6653.35,277032.97,283686.31,277310,6660,99.90,98.90,198.80,99,100,0.00,0.00,0,0
1506310391,lo,0.00,0.00,0.00,0,0,0.00,0.00,0.00,0,0,0.00,0.00,0,0
1506310391,s2-eth2,9504.50,390004.00,399508.50,390394,9514,140.86,144.86,285.71,145,141,0.00,0.00,0,0
1506310391,s1-eth3,22163.84,996729.31,1018893.12,997726,22186,332.67,658.34,991.01,659,333,0.00,0.00,0,0
1506310391,eth0,0.00,41.96,41.96,42,0,0.00,1.00,1.00,1,0,0.00,0.00,0,0
1506310391,s3-eth1,600457.56,12659.34,613116.88,12672,601058,396.60,191.81,588.41,192,397,0.00,0.00,0,0
1506310391,s2-eth3,12659.34,600457.56,613116.88,601058,12672,191.81,396.60,588.41,397,192,0.00,0.00,0,0
1506310391,total,2904092.00,2915560.50,5819652.50,2918476,2906996,2833.17,2459.54,5292.71,2462,2836,0.00,0.00,0,0
1506310392,s3-eth2,12672.00,588254.00,600926.00,588254,12672,192.00,203.00,395.00,203,192,0.00,0.00,0,0
1506310392,s1-eth1,1200602.00,26136.00,1226738.00,26136,1200602,793.00,396.00,1189.00,396,793,0.00,0.00,0,0
1506310392,s2-eth1,971988.00,20592.00,992580.00,20592,971988,642.00,312.00,954.00,312,642,0.00,0.00,0,0
1506310392,s1-eth2,5610.00,254864.00,260474.00,254864,5610,85.00,88.00,173.00,88,85,0.00,0.00,0,0
1506310392,lo,0.00,0.00,0.00,0,0,0.00,0.00,0.00,0,0,0.00,0.00,0,0
1506310392,s2-eth2,7920.00,358534.00,366454.00,358534,7920,120.00,123.00,243.00,123,120,0.00,0.00,0,0
1506310392,s1-eth3,20592.00,971988.00,992580.00,971988,20592,312.00,642.00,954.00,642,312,0.00,0.00,0,0
1506310392,eth0,0.00,42.00,42.00,42,0,0.00,1.00,1.00,1,0,0.00,0.00,0,0
1506310392,s3-eth1,601058.00,12672.00,613730.00,12672,601058,397.00,192.00,589.00,192,397,0.00,0.00,0,0
1506310392,s2-eth3,12672.00,601058.00,613730.00,601058,12672,192.00,397.00,589.00,397,192,0.00,0.00,0,0
1506310392,total,2833114.00,2834140.00,5667254.00,2834140,2833114,2733.00,2354.00,5087.00,2354,2733,0.00,0.00,0,0
1506310393,s3-eth2,13398.00,608988.00,622386.00,608988,13398,203.00,210.00,413.00,210,203,0.00,0.00,0,0
1506310393,s1-eth1,1238452.00,26994.00,1265446.00,26994,1238452,818.00,409.00,1227.00,409,818,0.00,0.00,0,0
1506310393,s2-eth1,991670.00,21450.00,1013120.00,21450,991670,655.00,325.00,980.00,325,655,0.00,0.00,0,0
1506310393,s1-eth2,5544.00,248940.00,254484.00,248940,5544,84.00,86.00,170.00,86,84,0.00,0.00,0,0
1506310393,lo,0.00,0.00,0.00,0,0,0.00,0.00,0.00,0,0,0.00,0.00,0,0
1506310393,s2-eth2,7986.00,361562.00,369548.00,361562,7986,121.00,125.00,246.00,125,121,0.00,0.00,0,0
1506310393,s1-eth3,21450.00,991670.00,1013120.00,991670,21450,325.00,655.00,980.00,655,325,0.00,0.00,0,0
1506310393,eth0,0.00,42.00,42.00,42,0,0.00,1.00,1.00,1,0,0.00,0.00,0,0
1506310393,s3-eth1,622254.00,13464.00,635718.00,13464,622254,411.00,204.00,615.00,204,411,0.00,0.00,0,0
1506310393,s2-eth3,13464.00,622254.00,635718.00,622254,13464,204.00,411.00,615.00,411,204,0.00,0.00,0,0
1506310393,total,2914218.00,2895364.00,5809582.00,2895364,2914218,2821.00,2426.00,5247.00,2426,2821,0.00,0.00,0,0
1506310394,s3-eth2,13860.00,620836.00,634696.00,620836,13860,210.00,214.00,424.00,214,210,0.00,0.00,0,0
1506310394,s1-eth1,1242994.00,27060.00,1270054.00,27060,1242994,821.00,410.00,1231.00,410,821,0.00,0.00,0,0
1506310394,s2-eth1,990156.00,21648.00,1011804.00,21648,990156,654.00,328.00,982.00,328,654,0.00,0.00,0,0
1506310394,s1-eth2,5412.00,244464.00,249876.00,244464,5412,82.00,84.00,166.00,84,82,0.00,0.00,0,0
1506310394,lo,0.00,0.00,0.00,0,0,0.00,0.00,0.00,0,0,0.00,0.00,0,0
1506310394,s2-eth2,7846.15,350811.19,358657.34,351162,7854,118.88,120.88,239.76,121,119,0.00,0.00,0,0
1506310394,s1-eth3,21626.38,992191.81,1013818.19,993184,21648,327.67,655.34,983.02,656,328,0.00,0.00,0,0
1506310394,eth0,0.00,41.96,41.96,42,0,0.00,1.00,1.00,1,0,0.00,0.00,0,0
1506310394,s3-eth1,633732.31,13780.22,647512.50,13794,634366,418.58,208.79,627.37,209,419,0.00,0.00,0,0
1506310394,s2-eth3,13780.22,633732.31,647512.50,634366,13794,208.79,418.58,627.37,419,209,0.00,0.00,0,0
1506310394,total,2927157.00,2903652.50,5830809.50,2906556,2930084,2839.16,2439.56,5278.72,2442,2842,0.00,0.00,0,0
1506310395,s3-eth2,13252.75,596543.50,609796.25,597140,13266,200.80,205.79,406.59,206,201,0.00,0.00,0,0
1506310395,s1-eth1,1231164.88,26835.17,1258000.00,26862,1232396,813.19,406.59,1219.78,407,814,0.00,0.00,0,0
1506310395,s2-eth1,989166.88,21362.64,1010529.50,21384,990156,653.35,323.68,977.02,324,654,0.00,0.00,0,0
1506310395,s1-eth2,5406.59,247244.77,252651.36,247492,5412,81.92,85.91,167.83,86,82,0.00,0.00,0,0
1506310395,lo,515.48,515.48,1030.97,516,516,8.99,8.99,17.98,9,9,0.00,0.00,0,0
1506310395,s2-eth2,8109.89,368565.44,376675.34,368934,8118,122.88,126.87,249.75,127,123,0.00,0.00,0,0
1506310395,s1-eth3,21362.64,986141.88,1007504.50,987128,21384,323.68,651.35,975.03,652,324,0.00,0.00,0,0
1506310395,eth0,0.00,41.96,41.96,42,0,0.00,1.00,1.00,1,0,0.00,0.00,0,0
1506310395,s3-eth1,609532.50,13252.75,622785.25,13266,610142,402.60,200.80,603.40,201,403,0.00,0.00,0,0
1506310395,s2-eth3,13252.75,609532.50,622785.25,610142,13266,200.80,402.60,603.40,403,201,0.00,0.00,0,0
1506310395,total,2891764.25,2870036.00,5761800.50,2872906,2894656,2808.19,2413.59,5221.78,2416,2811,0.00,0.00,0,0
1506310396,s3-eth2,16699.30,567023.00,583722.31,567590,16716,239.76,218.78,458.54,219,240,0.00,0.00,0,0
1506310396,s1-eth1,1243404.62,32871.13,1276275.75,32904,1244648,823.18,469.53,1292.71,470,824,0.00,0.00,0,0
1506310396,s2-eth1,928667.38,27060.94,955728.31,27088,929596,613.39,381.62,995.01,382,614,0.00,0.00,0,0
1506310396,s1-eth2,5868.13,275392.62,281260.75,275668,5874,88.91,95.90,184.82,96,89,0.00,0.00,0,0
1506310396,lo,1350.65,1350.65,2701.30,1352,1352,11.99,11.99,23.98,12,12,0.00,0.00,0,0
1506310396,s2-eth2,10641.36,344435.56,355076.94,344780,10652,145.85,133.87,279.72,134,146,0.00,0.00,0,0
1506310396,s1-eth3,27060.94,928667.38,955728.31,929596,27088,381.62,613.39,995.01,614,382,0.00,0.00,0,0
1506310396,eth0,0.00,220.78,220.78,221,0,0.00,2.00,2.00,2,0,0.00,0.00,0,0
1506310396,s3-eth1,577770.25,16629.37,594399.62,16646,578348,381.62,238.76,620.38,239,382,0.00,0.00,0,0
1506310396,s2-eth3,16629.37,577770.25,594399.62,578348,16646,238.76,381.62,620.38,382,239,0.00,0.00,0,0
1506310396,total,2828092.00,2771421.75,5599513.50,2774193,2830920,2925.08,2547.45,5472.53,2550,2928,0.00,0.00,0,0
1506310397,s3-eth2,14775.23,566631.38,581406.62,567198,14790,216.78,212.79,429.57,213,217,0.00,0.00,0,0
1506310397,s1-eth1,1244847.12,35238.76,1280086.00,35274,1246092,823.18,504.50,1327.67,505,824,0.00,0.00,0,0
1506310397,s2-eth1,939324.69,25558.44,964883.12,25584,940264,621.38,367.63,989.01,368,622,0.00,0.00,0,0
1506310397,s1-eth2,9828.17,297552.47,307380.62,297850,9838,138.86,124.88,263.74,125,139,0.00,0.00,0,0
1506310397,lo,1012.99,1012.99,2025.97,1014,1014,8.99,8.99,17.98,9,9,0.00,0.00,0,0
1506310397,s2-eth2,10787.21,358113.91,368901.09,358472,10798,150.85,143.86,294.71,144,151,0.00,0.00,0,0
1506310397,s1-eth3,25558.44,939324.69,964883.12,940264,25584,367.63,621.38,989.01,622,368,0.00,0.00,0,0
1506310397,eth0,0.00,0.00,0.00,0,0,0.00,0.00,0.00,0,0,0.00,0.00,0,0
1506310397,s3-eth1,574815.19,14841.16,589656.38,14856,575390,380.62,217.78,598.40,218,381,0.00,0.00,0,0
1506310397,s2-eth3,14841.16,577840.19,592681.31,578418,14856,217.78,382.62,600.40,383,218,0.00,0.00,0,0
1506310397,total,2835790.25,2816114.00,5651904.00,2818930,2838626,2926.07,2584.42,5510.49,2587,2929,0.00,0.00,0,0
1506310398,s3-eth2,12474.00,579368.00,591842.00,579368,12474,189.00,200.00,389.00,200,189,0.00,0.00,0,0
1506310398,s1-eth1,1232396.00,26928.00,1259324.00,26928,1232396,814.00,408.00,1222.00,408,814,0.00,0.00,0,0
1506310398,s2-eth1,971988.00,20460.00,992448.00,20460,971988,642.00,310.00,952.00,310,642,0.00,0.00,0,0
1506310398,s1-eth2,6402.00,296332.00,302734.00,296332,6402,97.00,102.00,199.00,102,97,0.00,0.00,0,0
1506310398,lo,0.00,0.00,0.00,0,0,0.00,0.00,0.00,0,0,0.00,0.00,0,0
1506310398,s2-eth2,7986.00,371896.00,379882.00,371896,7986,121.00,128.00,249.00,128,121,0.00,0.00,0,0
1506310398,s1-eth3,20460.00,971988.00,992448.00,971988,20460,310.00,642.00,952.00,642,310,0.00,0.00,0,0
1506310398,eth0,0.00,0.00,0.00,0,0,0.00,0.00,0.00,0,0,0.00,0.00,0,0
1506310398,s3-eth1,591974.00,12474.00,604448.00,12474,591974,391.00,189.00,580.00,189,391,0.00,0.00,0,0
1506310398,s2-eth3,12474.00,591974.00,604448.00,591974,12474,189.00,391.00,580.00,391,189,0.00,0.00,0,0
1506310398,total,2856154.00,2871420.00,5727574.00,2871420,2856154,2753.00,2370.00,5123.00,2370,2753,0.00,0.00,0,0
1506310399,s3-eth2,12606.00,574892.00,587498.00,574892,12606,191.00,198.00,389.00,198,191,0.00,0.00,0,0
1506310399,s1-eth1,1224826.00,27768.00,1252594.00,27768,1224826,809.00,416.00,1225.00,416,809,0.00,0.00,0,0
1506310399,s2-eth1,956848.00,20460.00,977308.00,20460,956848,632.00,310.00,942.00,310,632,0.00,0.00,0,0
1506310399,s1-eth2,7374.00,274678.00,282052.00,274678,7374,107.00,103.00,210.00,103,107,0.00,0.00,0,0
1506310399,lo,344.00,344.00,688.00,344,344,6.00,6.00,12.00,6,6,0.00,0.00,0,0
1506310399,s2-eth2,7912.09,361200.81,369112.91,361562,7920,119.88,124.88,244.76,125,120,0.00,0.00,0,0
1506310399,s1-eth3,20439.56,955892.12,976331.69,956848,20460,309.69,631.37,941.06,632,310,0.00,0.00,0,0
1506310399,eth0,0.00,173.83,173.83,174,0,0.00,1.00,1.00,1,0,0.00,0.00,0,0
1506310399,s3-eth1,586845.19,12527.47,599372.62,12540,587432,387.61,189.81,577.42,190,388,0.00,0.00,0,0
1506310399,s2-eth3,12527.47,586845.19,599372.62,587432,12540,189.81,387.61,577.42,388,190,0.00,0.00,0,0
1506310399,total,2827522.50,2813884.25,5641406.50,2816698,2830350,2750.25,2366.63,5116.88,2369,2753,0.00,0.00,0,0
1506310400,s1-eth1,1241822.25,43680.32,1285502.50,43724,1243064,821.18,581.42,1402.60,582,822,0.00,0.00,0,0
1506310400,s2-eth1,896975.06,343